{Skeleton
	{animation
		{sequence "close" {speed 0.3}}
		{sequence "recoil" {speed 0.3}}
	}
	{bone "basis"
		{parameters "Wheelradius=0.52;"}
		{Orientation
			1	0	0
			0	-1	0
			0	0	1
		}
		{bone "body"
			{parameters "ID=body;"}
			{animation
				{sequence "repair" {file "body_r.anm"}}
			}
			{Position 4.82108	-0.0944672	7.35404}
			{VolumeView "body.ply"}
			{bone "visor3"
				{Matrix34
					1	0	0
					0	1	0
					0	0	1
					-126.631	0.0946167	78.1787
				}
			}
			{bone "visor4"
				{Matrix34
					0.996195	0	-0.0871559
					0	1	0
					0.0871559	0	0.996195
					-248.709	0.0947061	139.684
				}
			}
			{bone revolute "turret"
				{parameters "ID=turret;"}
				{animation
					{sequence "repair" {file "turret_r.anm"}}
				}
				{speed 0.01}
				{Matrix34
					1	0	0
					0	1	0
					0	0	1
					-4.01114	0.21362	10.471
				}
				{VolumeView "turret.ply"}
				{bone revolute "gun_rot"
					{limits -80 15}
					{speed 0.01}
					{Matrix34
						1	0	0
						0	0	-1
						0	1	0
						-9.77676	-0.355887	15.1099
					}
					{VolumeView "gun_rot.ply"}
					{bone "gun"
						{parameters "ID=gun;"}
						{animation
							{sequence "repair" {file "gun_r.anm"}}
						}
						{Matrix34
							1	0	0
							0	0	1
							0	-1	0
							-9.96459	-0.224968	-0.358434
						}
						{VolumeView "gun.ply"}
						{bone "foresight1"
							{Matrix34
								0.999998	0.000212017	0.00210864
								0.00210862	6.03656e-005	-0.999998
								-0.000212144	1	5.99184e-005
								96.6286	1.49051	-0.45681
							}
						}
						{bone "fx_shell"
							{Matrix34
								-0.0069813	0.999976	0
								-0.0610473	-0.000423344	0.998135
								0.99811	0.00696846	0.0610487
								15.4722	1.67701	-12.5163
							}
						}
						{bone "fx_invers"
							{Matrix34
								-0.999844	0	0.0176503
								0	-1	0
								0.0176503	0	0.999844
								-0.829346	0.195797	-0.640129
							}
						}
					}
				}
				{bone "visor2"
					{Matrix34
						1	0	0
						0	1	0
						0	0	1
						13.9885	18.2866	17.3826
					}
				}
				{bone "seat2"
					{Matrix34
						1	0	0
						0	1	0
						0	0	1
						-2.52918	-18.9725	-14.2357
					}
				}
				{bone "seat1"
					{Matrix34
						1	0	0
						0	1	0
						0	0	1
						8.19735	14.3422	-13.9062
					}
				}
				{bone "commander"
						{Matrix34
						0.399014	0.916945	0
						-0.916945	0.399014	0
						0	0	1
						-4.35094	-13.2377	-13.0272
					}
				}
				{bone "gunner"
					{Matrix34
						-0.15837	-0.98738	0
						0.98738	-0.15837	0
						0	0	1
						4.94789	13.3291	-10.3229
					}
				}
			}
			{bone "standl"
				{parameters "ID=standl;"}
				{Matrix34
					-0.163268	0.986582	0.000650406
					-0.986548	-0.163268	0.0081729
					0.00816942	0.000692714	0.999966
					-4.15854	23.171	2.05883
				}
				{VolumeView "standl.ply"}
				{bone "bracket00"
					{Matrix34
						-0.306655	-0.951708	0.0146207
						0.95182	-0.30664	0.00337421
						0.00127203	0.014951	0.999887
						25.8423	-4.2566	-5.91402
					}
					{VolumeView "bracket00.ply"}
				}
			}
			{bone "standr"
				{parameters "ID=standr;"}
				{Matrix34
					-0.158272	-0.987382	-0.00509641
					0.98738	-0.158239	-0.0063852
					0.00549818	-0.0060427	0.999967
					-3.98277	-23.0066	2.222
				}
				{VolumeView "standr.ply"}
				{bone "bracket01"
					{Matrix34
						-0.263389	0.96464	0.00982078
						-0.96468	-0.263327	-0.00721318
						-0.00437205	-0.0113738	0.999926
						26.0205	4.25966	-6.11629
					}
					{VolumeView "bracket01.ply"}
				}
			}
			{bone "bracket02"
				{Position 42.3661	0.169501	-3.70508}
				{VolumeView "bracket02.ply"}
			}
			{bone "bracket03"
				{Position -58.5966	0.232276	-3.64182}
				{VolumeView "bracket03.ply"}
			}
			{bone "pivot_front"
				{parameters "ID=body;"}
				{Matrix34
					0.589096	0	-0.808063
					0	1	0
					0.808063	0	0.589096
					37.8684	0.0573775	2.47886
				}
				{VolumeView "pivot_front.ply"}
				{bone revolute "steer_l"
					{Matrix34
						-0.693492	0	0.720464
						0	1	0
						-0.720464	0	-0.693492
						-1.06305	14.8062	-0.992805
					}
					{bone revolute "wheell1"
						{parameters "ID=wheelleft1;Support=1;"}
						{Matrix34
							0.693493	0	0.720464
							0.720464	0	-0.693493
							0	1	0
							0.0362148	6.14214	-2.45956
						}
						{bone "wll1_view"
							{Matrix34
								1.03	0	0
								0	1.03	0
								0	0	-1.03
								0	0	0
							}
							{VolumeView "wheell1.ply"}
						}
					}
					{bone "fxtracel1"
						{Matrix34
							0.693492	0	0.720464
							0	-1	0
							0.720464	0	-0.693492
							0.27095	6.3517	-11.3021
						}
					}
				}
				{bone revolute "steer_r"
					{Matrix34
						-0.693492	0	0.720464
						0	1	0
						-0.720464	0	-0.693492
						-1.02304	-15.4373	-0.828392
					}
					{bone revolute "wheellr1"
						{parameters "ID=wheelright1;Support=1;"}
						{Matrix34
							0.693493	0	0.720464
							0.720464	0	-0.693493
							0	1	0
							-0.0544586	-5.50941	-2.3168
						}
						{bone "wlr1_view"
							{Matrix34
								1.03	0	0
								0	1.03	0
								0	0	-1.03
								0	0	0
							}
							{VolumeView "wheelr1.ply"}
						}
					}
					{bone "fxtracer1"
						{Matrix34
							0.693492	0	0.720464
							0	-1	0
							0.720464	0	-0.693492
							0.180273	-5.41857	-11.1592
						}
					}
				}
				{bone "support1"
					{Matrix34
						1	0	0
						0	1	0
						0	0	1
						-1.01585	0.0370925	-0.815384
					}
				}
			}
			{bone "pivot_back"
				{parameters "ID=body;"}
				{Matrix34
					1	0	0
					0	1	0
					0	0	1
					-46.1151	0.230123	2.38089
				}
				{VolumeView "pivot_back.ply"}
				{bone revolute "spring_l"
					{Matrix34
						0	0	-1
						0	1	0
						1	0	0
						1.69013	14.6334	-0.0648537
					}
					{bone revolute "wheell2"
						{parameters "ID=wheelleft2;Support=1;"}
						{Matrix34
							0.799242	0	-0.60101
							-0.60101	0	-0.799242
							0	1	0
							-0.143186	6.14209	-2.59733
						}
						{bone "wll2_view"
							{Matrix34
								1.03	0	0
								0	1.03	0
								0	0	-1.03
								0	0	0
							}
							{VolumeView "wheell2.ply"}
						}
					}
					{bone "fxtracel2"
						{Matrix34
							0.799242	0	-0.60101
							0	-1	0
							-0.60101	0	-0.799242
							-0.158282	6.61617	-11.472
						}
					}
				}
				{bone revolute "spring_r"
					{Matrix34
						0	0	-1
						0	1	0
						1	0	0
						1.66426	-15.7306	-0.0813112
					}
					{bone revolute "wheelr2"
						{parameters "ID=wheelright2;Support=1;"}
						{Matrix34
							0.799242	0	-0.60101
							-0.60101	0	-0.799242
							0	1	0
							-0.159679	-5.38876	-2.57152
						}
						{bone "wlr2_view"
							{Matrix34
								1.03	0	0
								0	1.03	0
								0	0	-1.03
								0	0	0
							}
							{VolumeView "wheelr2.ply"}
						}
					}
					{bone "fxtracer2"
						{Matrix34
							0.799242	0	-0.60101
							0	-1	0
							-0.60101	0	-0.799242
							-0.174785	-5.20808	-11.4461
						}
					}
				}
				{bone "support2"
					{Matrix34
						0.601009	0	0.799242
						0	1	0
						-0.799242	0	0.601009
						2.03836	-0.135624	-0.13175
					}
				}
				{bone "link"
					{parameters "ID=body;"}
					{Matrix34
						0.0174274	0	0.999848
						0	1	0
						-0.999848	0	0.0174274
						-0.223469	-0.172794	-0.164855
					}
					{VolumeView "link.ply"}
				}
			}
		}
		{bone "emit1"
			{Matrix34
				0	-1	0
				1	0	0
				0	0	1
				-24.5786	26.0603	-0.0941742
			}
		}
		{bone "emit0"
			{Matrix34
				0	-1	0
				1	0	0
				0	0	1
				-23.3159	-23.6532	-0.0941742
			}
		}
		{bone "visor"
			{parameters "Vis;"}
			{Matrix34
				0.954602	-0.28695	-0.0799617
				0.292079	0.95438	0.0620349
				0.0585129	-0.0825739	0.994866
				-82.8335	25.4662	33.8536
			}
		}
		{bone "visor1"
			{Matrix34
				0.954602	-0.28695	-0.0799617
				0.292079	0.95438	0.0620349
				0.0585129	-0.0825739	0.994866
				-82.7955	25.618	33.8946
			}
		}
		{bone "link1"
			{Matrix34
				-1	0	0
				0	0	1
				0	1	0
				-69.6174	0	18.2129
			}
		}
		{bone "driver2"
			{Matrix34
				0.725234	0.688502	0
				-0.688502	0.725234	0
				0	0	1
				-14.8588	-14.3732	-0.29698
			}
		}
		{bone "driver1"
			{Matrix34
				0.763563	-0.645733	0
				0.645733	0.763563	0
				0	0	1
				-21.3083	19.8607	-0.0696392
			}
		}
	}
}
{Obstacle "obstacle"
	{Obb2
		{Center 1.13863 0.0605235}
		{Extent 60 5}
		{Axis 1 0}
	}
	{Rotate}
}
{Obstacle "obstaclel"
	{Obb2
		{Center 0.434711 -34.1674}
		{Extent 2.0064 19.5825}
		{Axis 1 0}
	}
	{Rotate}
	{Tags  "open"}
}
{Obstacle "obstacler"
	{Obb2
		{Center 0.0526695 34.8194}
		{Extent 2.0064 19.5825}
		{Axis 1 0}
	}
	{Rotate}
	{Tags  "open"}
}
{Volume "body"
	{Polyhedron "body.vol"}
	{Bone "body"}
	{Position -11.8852	-0.549444	-5.02957}
}
{Volume "gun"
	{Polyhedron "gun.vol"}
	{Bone "gun"}
	{Position 34.6148	0.528815	-0.560181}
}
{Volume "standl"
	{Polyhedron "standl.vol"}
	{Bone "standl"}
	{Matrix34
		-0.153397	-0.98809	-0.0121646
		0.987959	-0.153605	0.0185284
		-0.0201763	-0.00917595	0.999754
		10.4871	-1.74963	-7.26
	}
}
{Volume "standr"
	{Polyhedron "standr.vol"}
	{Bone "standr"}
	{Matrix34
		-0.162113	0.986688	-0.0129318
		-0.986647	-0.162287	-0.0137833
		-0.0156985	0.0105247	0.999821
		11.5241	1.45965	-7.55959
	}
}
{Volume "turret"
	{Box 14.4565 20.5276 21.3874}
	{Bone "turret"}
	{Matrix34
		-0.00698197	0.999976	0
		-0.999976	-0.00698197	0
		0	0	1
		-1.83492	0.0720386	3.80057
	}
}
{Volume "wheelleft1"
	{Cylinder 8.99606 4.3845}
	{Bone "wheell1"}
	{Matrix34
		-0.693492	-0.720464	0
		0.720464	-0.693492	0
		0	0	1
		0.0661694	-0.0146812	-0.442495
	}
}
{Volume "wheelleft2"
	{Cylinder 8.99606 4.3845}
	{Bone "wheell2"}
	{Matrix34
		-0.799241	0.60101	0
		-0.60101	-0.799241	0
		0	0	1
		-0.00904661	-0.0655681	-0.442449
	}
}
{Volume "wheelright1"
	{Cylinder 8.99606 4.3845}
	{Bone "wheellr1"}
	{Matrix34
		0.693492	0.720464	0
		0.720464	-0.693492	0
		0	0	-1
		0.0661934	-0.0147024	0.367649
	}
}
{Volume "wheelright2"
	{Cylinder 8.99606 4.3845}
	{Bone "wheelr2"}
	{Matrix34
		0.799241	-0.60101	0
		-0.60101	-0.799241	0
		0	0	-1
		-0.00906828	-0.0655743	0.367628
	}
}
