;Exported by: Vnab
;Date:        Tue Apr 22 15:38:43 2014
;File:        C:\Users\Vnab\Desktop\mow re\Моддинг\МОДЕЛИ\Готовые\Окружение\stella_ger\stella_ger.max
{Skeleton
	{bone "basis"
		{Orientation
			1	0	0
			0	-1	0
			0	0	1
		}
		{bone "drawcall_0070"
			{Matrix34
				0.998402	-0.0565175	0
				-0.00147946	-0.0261351	-0.999657
				0.0564981	0.998059	-0.026177
				3.50718	-5.71498	318.983
			}
			{VolumeView "drawcall_0070.ply"}
		}
	}
}
{Obstacle "body"
	{Obb2
		{Center -0.0346394 4.62602}
		{Extent 19.1615 20.232}
		{Axis 1 0}
	}
	{Rotate}
	{Tags  "body"}
}
{Obstacle "body_vol2"
	{Obb2
		{Center -3.8147e-006 -4.08748}
		{Extent 76.9052 10.143}
		{Axis 1 0}
	}
	{Rotate}
	{Tags  "body"}
}
{Volume "body"
	{Polyhedron "body.vol"}
	{Bone "drawcall_0070"}
	{Matrix34
		0.998402	-0.00147964	0.0564985
		-0.0565178	-0.0261351	0.998059
		0	-0.999657	-0.0261769
		-3.5977	318.847	9.23667
	}
}
{Volume "body_vol2"
	{Box 153.81 20.286 28.1582}
	{Bone "drawcall_0070"}
	{Matrix34
		0.998401	-0.00147964	0.0564984
		-0.0565178	-0.0261351	0.998059
		0	-0.999657	-0.0261769
		-4.05559	304.548	17.5667
	}
}
