;Exported by: Vnab
;Date:        Wed Dec 10 12:10:29 2014
;File:        C:\Users\Vnab\Desktop\Моддинг\МОДЕЛИ Готовые\Конвертированные\model_trash\Engine_wellington_mk1c_eng\Engine_wellington_mk1c_eng.max
{Skeleton
	{bone "basis"
		{Orientation
			1	0	0
			0	-1	0
			0	0	1
		}
		{bone "group001"
			{Matrix34
				0.181897	-0.98143	0.0608997
				0.983293	0.181978	-0.00425833
				-0.00690316	0.0606569	0.998135
				0.242781	-6.04595	10.0929
			}
			{VolumeView "group001.ply"}
		}
	}
}
{Obstacle "body"
	{Obb2
		{Center 3.48317 1.82876}
		{Extent 25.9934 11.3066}
		{Axis 0.0879049 0.996129}
	}
	{Rotate}
	{Tags  "body"}
}
{Obstacle "body_vol2"
	{Obb2
		{Center -7.21347 27.9316}
		{Extent 7.10398 1.16597}
		{Axis 0.96596 0.258691}
	}
	{Rotate}
	{Tags  "body"}
}
{Obstacle "body_vol3"
	{Obb2
		{Center -5.7276 29.9635}
		{Extent 8.43334 0.800462}
		{Axis 0.999848 0.0174436}
	}
	{Rotate}
	{Tags  "body"}
}
{Volume "body"
	{Cylinder 11.2837 51.9668}
	{Bone "group001"}
	{Matrix34
		-0.0957974	-0.9954	0.00159836
		0.0608996	-0.00425823	0.998135
		-0.993536	0.095716	0.0610274
		-3.50116	3.95032	1.02506
	}
}
{Volume "body_vol2"
	{Box 2.68024 17.1237 1.19122}
	{Bone "group001"}
	{Matrix34
		0.106994	-0.761052	-0.639808
		-0.263874	-0.64216	0.719722
		-0.958605	0.0918232	-0.269529
		21.0264	-11.3776	13.5299
	}
}
{Volume "body_vol3"
	{Box 3.72255 20.8463 1.04231}
	{Bone "group001"}
	{Matrix34
		0.0339765	-0.748649	0.662096
		0.180854	0.656147	0.732641
		-0.982923	0.09485	0.15769
		21.7641	-10.1795	-11.6255
	}
}
