;Exported by: alfor
;Date:        Fri Mar 22 19:09:10 2019
;File:        C:\Users\alfor\Documents\vk3001d.max
{Skeleton
	{animation
		{sequence "start" {file ".anm"}}
		{sequence "stop"}
		{sequence "fire"}
	}
	{bone "basis"
		{parameters "Wheelradius=0.6;"}
		{Orientation
			1	0	0
			0	-1	0
			0	0	1
		}
		{bone "body"
			{parameters "ID=body;"}
			{Position 18.3018	0.928575	-0.0846791}
			{VolumeView "body.ply"}
			{bone revolute "turret"
				{parameters "ID=turret;"}
				{Position 8.41082	-0.000322819	31.6336}
				{VolumeView "turret.ply"}
				{bone revolute "gun_rot"
					{parameters "ID=gun_rot;"}
					{limits -12 20}
					{Matrix34
						1	0	0
						0	0	1
						0	-1	0
						16.3625	-1.24574e-05	8.37071
					}
					{VolumeView "gun_rot.ply"}
					{bone "gun"
						{parameters "ID=gun;"}
						{Matrix34
							0	0	1
							1	0	0
							0	1	0
							45.3367	-0.700466	-0.00525522
						}
						{VolumeView "gun.ply"}
						{bone "fx_ground"
							{Matrix34
								0	1	0
								0	0	1
								1	0	0
								-0.0307881	20.7268	-39.5327
							}
						}
						{bone "foresight1"
							{Matrix34
								0	1	0
								0	0	1
								1	0	0
								-0.0307881	20.7268	-0.0168457
							}
						}
					}
					{bone "foresight5"
						{Position 9.90679	-0.529789	6.98904}
					}
				}
				{bone "visor3"
					{Matrix34
						-1	0	0
						0	1	0
						0	0	-1
						-1.51399	8.29071	16.4355
					}
				}
				{bone "visor2"
					{Matrix34
						1	0	0
						0	0	1
						0	-1	0
						17.1265	6.12509	8.3883
					}
				}
				{bone "fxfire1"
					{Matrix34
						0	0	1
						-1	0	0
						0	-1	0
						-7.86135	8.68137	14.5576
					}
				}
			}
			{bone "trackr"
				{parameters "ID=trackr;"}
				{Matrix34
					0	-1	0
					1	0	0
					0	0	1
					0	1.81794e-05	0
				}
				{VolumeView "trackr.ply"}
				{bone revolute "wheelr4"
					{parameters "ID=wheelr;"}
					{Matrix34
						0	1	0
						0	0	-1
						-1	0	0
						25.1883	9.98663	9.32698
					}
					{VolumeView "wheelr4.ply"}
				}
				{bone revolute "wheelr3"
					{parameters "ID=wheelr;"}
					{Matrix34
						0	1	0
						0	0	-1
						-1	0	0
						25.1883	-9.46055	9.32698
					}
					{VolumeView "wheelr3.ply"}
				}
				{bone revolute "wheelr1"
					{parameters "ID=wheelr;"}
					{Matrix34
						0	1	0
						0	0	-1
						-1	0	0
						25.1883	-28.8609	9.32698
					}
					{VolumeView "wheelr1.ply"}
				}
				{bone revolute "wheelr6"
					{parameters "ID=wheelr;"}
					{Matrix34
						0	1	0
						0	0	-1
						-1	0	0
						23.2788	49.887	12.449
					}
					{VolumeView "wheelr6.ply"}
				}
				{bone revolute "wheelr2"
					{parameters "ID=wheelr;"}
					{Matrix34
						0	1	0
						0	0	-1
						-1	0	0
						25.2523	-49.0287	10.962
					}
					{VolumeView "wheelr2.ply"}
				}
				{bone revolute "wheelr5"
					{parameters "ID=wheelr;"}
					{Matrix34
						0	1	0
						0	0	-1
						-1	0	0
						25.1883	29.7854	9.32698
					}
					{VolumeView "wheelr5.ply"}
				}
				{bone "fxtracer1"
					{Matrix34
						0	-0.766044	-0.642788
						0	0.642788	-0.766044
						1	0	0
						26.6937	-60.4424	4.94082
					}
				}
			}
			{bone "trackl"
				{parameters "ID=trackl;"}
				{Matrix34
					0	-1	0
					1	0	0
					0	0	1
					0	1.81794e-05	0
				}
				{VolumeView "trackl.ply"}
				{bone revolute "wheell6"
					{parameters "ID=wheell;"}
					{Matrix34
						0	1	0
						0	0	-1
						-1	0	0
						-23.2787	49.887	12.449
					}
					{VolumeView "wheell6.ply"}
				}
				{bone revolute "wheell2"
					{parameters "ID=wheell;"}
					{Matrix34
						0	1	0
						0	0	-1
						-1	0	0
						-25.2521	-49.0288	10.962
					}
					{VolumeView "wheell2.ply"}
				}
				{bone revolute "wheell4"
					{parameters "ID=wheell;"}
					{Matrix34
						0	1	0
						0	0	-1
						-1	0	0
						-25.1883	9.98666	9.32698
					}
					{VolumeView "wheell4.ply"}
				}
				{bone revolute "wheell3"
					{parameters "ID=wheell;"}
					{Matrix34
						0	1	0
						0	0	-1
						-1	0	0
						-25.1883	-9.46052	9.32698
					}
					{VolumeView "wheell3.ply"}
				}
				{bone revolute "wheell5"
					{parameters "ID=wheell;"}
					{Matrix34
						0	1	0
						0	0	-1
						-1	0	0
						-25.1883	29.7854	9.32698
					}
					{VolumeView "wheell5.ply"}
				}
				{bone revolute "wheell1"
					{parameters "ID=wheell;"}
					{Matrix34
						0	1	0
						0	0	-1
						-1	0	0
						-25.1883	-28.8609	9.32698
					}
					{VolumeView "wheell1.ply"}
				}
				{bone "fxtracel1"
					{Matrix34
						0	-0.766044	-0.642788
						0	0.642788	-0.766044
						1	0	0
						-26.071	-61.3387	4.9409
					}
				}
			}
			{bone "seat06"
				{Matrix34
					0	1	0
					-0.996195	0	0.0871563
					0.0871563	0	0.996195
					-45.4377	13.8395	24.2953
				}
			}
			{bone "seat05"
				{Matrix34
					0	1	0
					-0.996195	0	0.0871563
					0.0871563	0	0.996195
					-45.4377	-15.4196	24.2953
				}
			}
			{bone "seat04"
				{Matrix34
					0.498097	-0.86273	0.0871557
					0.866026	0.5	0
					-0.0435784	0.0754788	0.996195
					-13.9757	-28.7108	24.2953
				}
			}
			{bone "seat03"
				{Matrix34
					0	-0.996195	0.0871557
					1	0	0
					0	0.0871557	0.996195
					-33.5494	-20.8383	24.2953
				}
			}
			{bone "seat02"
				{Matrix34
					0	0.996195	0.0871557
					-1	0	0
					0	-0.0871557	0.996195
					-31.4784	20.8755	24.2953
				}
			}
			{bone "seat01"
				{Matrix34
					0.257834	0.96225	0.0871557
					-0.965926	0.258819	0
					-0.022557	-0.0841861	0.996195
					-14.6416	27.2422	24.2953
				}
			}
			{bone "gunner2"
				{Matrix34
					0	1	0
					0	0	1
					1	0	0
					-0.75881	0.325308	30.8913
				}
			}
			{bone "emit4"
				{parameters "sphere;"}
				{Matrix34
					0	-1	0
					1	0	0
					0	0	1
					-42.4033	39.827	-0.631467
				}
			}
			{bone "emit5"
				{parameters "sphere;"}
				{Matrix34
					0	1	0
					-1	0	0
					0	0	1
					-42.2096	-38.219	-0.631453
				}
			}
			{bone "emit3"
				{parameters "sphere;"}
				{Matrix34
					0	-1	0
					1	0	0
					0	0	1
					-29.7503	39.827	-0.631467
				}
			}
			{bone "emit6"
				{parameters "sphere;"}
				{Matrix34
					0	1	0
					-1	0	0
					0	0	1
					-29.5566	-38.219	-0.631453
				}
			}
			{bone "emit0"
				{parameters "sphere;"}
				{Matrix34
					-1	0	0
					0	-1	0
					0	0	1
					60.5146	1.56148	-0.631453
				}
			}
			{bone "gunner"
				{Matrix34
					0	1	0
					-1	0	0
					0	0	1
					-8.54195	1.67301	21.4592
				}
			}
			{bone "loader"
				{Matrix34
					0	1	0
					0	0	1
					1	0	0
					0.748644	0.325308	27.2833
				}
			}
			{bone "commander"
				{Matrix34
					0	1	0
					-1	0	0
					0	0	1
					-18.9331	1.93326	21.4459
				}
			}
			{bone "fxfire3"
				{Matrix34
					0	0	1
					-1	0	0
					0	-1	0
					-26.7201	-2.65823	32.7443
				}
			}
			{bone "fxfire2"
				{Matrix34
					-0.996195	0	-0.0871555
					0.0871555	0	-0.996195
					0	-1	0
					-36.1218	0.492609	33.9746
				}
			}
			{bone "emit2"
				{parameters "sphere;"}
				{Matrix34
					0	1	0
					-1	0	0
					0	0	1
					44.169	-38.219	-0.631453
				}
			}
			{bone "emit1"
				{parameters "sphere;"}
				{Matrix34
					0	-1	0
					1	0	0
					0	0	1
					43.9753	39.827	-0.631467
				}
			}
			{bone "driver"
				{Matrix34
					1	0	0
					0	0	1
					0	-1	0
					32.2372	-1.8682	19.2418
				}
			}
			{bone "fxsmoke1"
				{Matrix34
					-0.064719	-0.993614	0.0924288
					-0.569914	0.112835	0.81392
					-0.819151	0	-0.573577
					-54.4508	0.96663	31.2583
				}
			}
			{bone "fxsmoke2"
				{Matrix34
					-0.0647175	-0.993614	0.0924239
					-0.569914	0.11283	0.813921
					-0.819152	0	-0.573577
					-54.2055	-1.66372	31.5944
				}
			}
			{bone "visor1"
				{Matrix34
					1	0	0
					0	0	1
					0	-1	0
					33.6405	11.3393	32.4608
				}
			}
		}
	}
}
{Volume "body"
	{Polyhedron "body.vol"}
	{Bone "body"}
	{Matrix34
		0	-1	0
		0	0	-1
		1	0	0
		-4.20366	-0.185791	0.0727187
	}
}
{Volume "gun"
	{Polyhedron "gun.vol"}
	{Bone "gun"}
	{Position 0.289551	12.12	-0.302944}
}
{Volume "inventory"
	{Polyhedron "inventory.vol"}
	{Bone "body"}
	{Matrix34
		1	0	0
		0	0	1
		0	-1	0
		-22.7913	-11.5996	18.7272
	}
}
{Volume "trackl"
	{Polyhedron "trackl.vol"}
	{Bone "trackl"}
	{Matrix34
		1	0	0
		0	0	1
		0	-1	0
		-25.4207	-42.4237	8.03595
	}
}
{Volume "trackr"
	{Polyhedron "trackr.vol"}
	{Bone "trackr"}
	{Matrix34
		1	0	0
		0	0	1
		0	-1	0
		28.5898	-42.4237	8.03613
	}
}
{Volume "turret1"
	{Polyhedron "turret1.vol"}
	{Bone "turret"}
	{Position -12.6748	-0.0556641	16.6677}
}
{Volume "turret"
	{Polyhedron "turret.vol"}
	{Bone "turret"}
	{Position 1.1303	0.027832	0.873539}
}
