;Exported by: Basement
;Date:        Fri Mar 22 12:57:37 2019
;File:        C:\Users\Basement\Documents\3dsMax\saves\ins_rifle1.max
{Skeleton
	{bone revolute "basis"
		{limits -30 30}
		{speed 0.1}
		{Orientation
			1	0	0
			0	-1	0
			0	0	1
		}
		{bone "body"
			{parameters "Voxels=0;"}
			{Matrix34
				0	0	1
				0	-1	0
				1	0	0
				0	0.0344553	19.9224
			}
			{bone "foot1l"
				{parameters "Voxels=0;"}
				{Matrix34
					-0.992678	-0.0810946	0.089523
					0.0889993	0.0100566	0.995981
					0.081669	-0.996656	0.00276563
					-0.143509	-2.13095	-0.488995
				}
				{bone "foot2l"
					{parameters "Voxels=0;"}
					{Matrix34
						0.965519	-0.260334	-0.000191741
						0.260334	0.965518	-7.2022e-05
						0.000203863	1.96192e-05	1
						9.37838	-0.0471724	0
					}
					{bone "bone06"
						{Matrix34
							0.22138	0.973964	0.0488402
							-0.972284	0.216582	0.0880678
							0.0751968	-0.066983	0.994917
							8.74023	0.113252	0.00567961
						}
					}
					{bone "foot3l"
						{parameters "Voxels=0;"}
						{Matrix34
							0.106408	0.99298	-0.0516623
							0.0841353	0.0427794	0.995536
							0.990757	-0.110279	-0.0789927
							9.2003	-0.34629	-0.0729964
						}
						{bone "bone07"
							{Position 2.60015	0	0}
						}
					}
				}
			}
			{bone "foot1r"
				{parameters "Voxels=0;"}
				{Matrix34
					-0.9928	0.0762209	0.0924025
					0.0919312	-0.00967729	0.995718
					0.0767888	0.997044	0.00260054
					-0.143518	2.17103	-0.488755
				}
				{bone "foot2r"
					{parameters "Voxels=0;"}
					{Matrix34
						0.963927	-0.266166	-0.000180684
						0.266166	0.963927	-6.7954e-05
						0.000192173	1.74209e-05	1
						9.37831	-0.0472323	0
					}
					{bone "bone03"
						{Matrix34
							0.22138	0.973964	0.0488401
							-0.972284	0.216582	0.0880678
							0.0751968	-0.0669829	0.994916
							8.74023	0.113252	0.00567818
						}
					}
					{bone "foot3r"
						{parameters "Voxels=0;"}
						{Matrix34
							0.104648	0.99372	-0.0396266
							-0.0780553	-0.0315155	-0.996451
							-0.991441	0.10737	0.0742671
							9.2003	-0.346289	-0.0729971
						}
						{bone "bone05"
							{Position 2.60015	0	0}
						}
					}
				}
			}
			{bone revolute "ik_leftright"
				{parameters "Voxels=0;"}
				{limits -20 20}
				{speed 0.1}
				{Matrix34
					0	0	1
					0	-1	0
					1	0	0
					1.90368	0.0344548	0
				}
				{bone revolute "ik_updown"
					{parameters "Voxels=0;"}
					{limits -40 20}
					{speed 0.1}
					{Matrix34
						1	0	0
						0	0	1
						0	-1	0
						0	0	1.66801
					}
					{bone "head"
						{parameters "Voxels=0;"}
						{Matrix34
							1	0	0
							0	0	-1
							0	1	0
							0	7.21458	0
						}
						{bone "visor"
							{Matrix34
								1	0	0
								0	1	0
								0	0	1
								2.31916	0	2.33291
							}
						}
					}
					{bone "clavicle_right"
						{Position -0.13918	6.12487	1.17254}
						{bone "hand1r"
							{parameters "Voxels=0;"}
							{Matrix34
								0.0243773	-0.0539207	0.998248
								0.99324	-0.112057	-0.0303077
								0.113494	0.992238	0.0508245
								-0.985447	-0.225973	2.95336
							}
							{bone "hand2r"
								{parameters "Voxels=0;"}
								{Matrix34
									0.999998	-0.00213196	0
									0.00213196	0.999998	0
									0	0	1
									6.26812	0	0
								}
								{bone "hand3r"
									{Matrix34
										0.982611	-0.185677	0
										0.185677	0.982611	0
										0	0	1
										5.19219	0	0
									}
								}
								{bone "hand_rot1r"
									{Matrix34
										0.0033328	-0.999958	0.00855673
										-0.999992	-0.00331489	0.00210675
										-0.00207828	-0.0085637	-0.999961
										5.19225	0	0
									}
									{bone "palm1r"
										{Matrix34
											-0.987462	-0.121604	-0.100652
											-0.0703694	-0.231655	0.970249
											-0.141303	0.965168	0.220194
											0.12139	-0.163002	0.149546
										}
										{bone "palm2r"
											{Matrix34
												-0.0074903	0.507056	-0.86188
												0.00229653	0.861912	0.507054
												0.999969	0.00181838	-0.00762027
												0.146145	0.242285	-1.25751
											}
											{bone "palm3r"
												{Matrix34
													0.576833	0.816863	0
													-0.816862	0.576832	0
													0	0	1
													0.581879	-0.000114441	0
												}
											}
										}
									}
								}
							}
						}
					}
					{bone "clavicle_left"
						{Position -0.13918	6.12487	-1.18112}
						{bone "hand1l"
							{parameters "Voxels=0;"}
							{Matrix34
								0.0292919	-0.0466018	-0.998484
								0.999336	0.0229986	0.0282435
								0.0216475	-0.998649	0.0472446
								-0.729425	-0.225973	-2.95274
							}
							{bone "hand2l"
								{parameters "Voxels=0;"}
								{Matrix34
									0.999998	-0.0021375	0
									0.00213748	0.999998	0
									0	0	1
									6.26813	0	0
								}
								{bone "hand3l"
									{Matrix34
										0.982611	-0.185677	0
										0.185677	0.982611	0
										0	0	1
										5.19218	0	0
									}
								}
								{bone "left_hand"
									{parameters "Voxels=0;"}
									{Matrix34
										0.275671	0.823504	-0.495829
										0.00418885	-0.51684	-0.856072
										-0.961243	0.233918	-0.145928
										5.99778	-0.667302	0.409922
									}
								}
								{bone "hand_rot1l"
									{Matrix34
										0.00130344	-0.999931	0.0116399
										-0.999999	-0.00131558	-0.00103797
										0.00105311	-0.0116384	-0.999932
										5.25744	-0.000656486	-0.00162888
									}
									{bone "palm1l"
										{Matrix34
											0.965404	0.249251	-0.0766093
											-0.026125	-0.199861	-0.979476
											-0.259446	0.947591	-0.186435
											0.0886894	-0.337657	-0.0916119
										}
										{bone "palm2l"
											{Matrix34
												-0.00576752	0.491352	-0.870942
												-0.00434882	-0.870961	-0.491333
												-0.999974	0.000953563	0.0071603
												-0.0738373	0.242493	-1.26343
											}
											{bone "palm3l"
												{Matrix34
													0.578449	-0.815719	0
													0.815719	0.578449	0
													0	0	1
													0.578552	0.000164032	0
												}
											}
										}
									}
								}
							}
						}
					}
				}
			}
			{bone revolute "placement"
				{Matrix34
					0	1	0
					-1	0	0
					0	0	1
					0.783108	0	0
				}
			}
		}
		{bone revolute "foresight2rot"
			{parameters "Voxels=0;"}
			{limits -20 20}
			{speed 0.1}
			{Position 13.7429	0.0246876	27.5947}
		}
		{bone "skin"
			{Matrix34
				0	1	0
				-1	0	0
				0	0	1
				0.574674	0.011625	0.414425
			}
			{VolumeView "skin.ply"}
		}
	}
}
