;Exported by: Vnab
;Date:        Thu Oct 30 13:10:27 2014
;File:        C:\Users\Vnab\Desktop\Моддинг\Модели нов\Panzer Elite Action - Дюны в огне\Здания\gates_afr_close_stone\gates_afr_close_stone.max
{Skeleton
	{bone "basis"
		{Orientation
			1	0	0
			0	-1	0
			0	0	1
		}
		{bone "group001"
			{Matrix34
				0.711778	-0.702304	0.0118362
				0.645629	0.647515	-0.40483
				0.27665	0.295791	0.914315
				-4.56166	-1.87858	40.7646
			}
			{VolumeView "group001.ply"}
		}
	}
}
{Obstacle "body"
	{Obb2
		{Center -1.82471 0.927079}
		{Extent 53.5389 11.5031}
		{Axis 1 0}
	}
	{Rotate}
	{Tags  "body"}
}
{Obstacle "body_vol2"
	{Obb2
		{Center -2.30366 1.02447}
		{Extent 68.8763 6.67462}
		{Axis 1 0}
	}
	{Rotate}
	{Tags  "body"}
}
{Obstacle "body_vol3"
	{Obb2
		{Center -88.9605 1.34461}
		{Extent 15.3823 15.6812}
		{Axis 0.999391 0.0348818}
	}
	{Rotate}
	{Tags  "body"}
}
{Obstacle "body_vol4"
	{Obb2
		{Center 83.9657 -1.08857}
		{Extent 15.8094 16.0913}
		{Axis 0.0705154 0.997511}
	}
	{Rotate}
	{Tags  "body"}
}
{Volume "body"
	{Box 107.078 23.0061 39.7636}
	{Bone "group001"}
	{Matrix34
		0.711778	0.645629	0.27665
		-0.702304	0.647516	0.295791
		0.0118363	-0.40483	0.914315
		0.995175	12.1199	-20.9521
	}
}
{Volume "body_vol2"
	{Box 137.753 13.3492 85.2077}
	{Bone "group001"}
	{Matrix34
		0.711778	0.645629	0.27665
		-0.702304	0.647516	0.295791
		0.0118363	-0.40483	0.914315
		0.991615	2.54909	-0.338257
	}
}
{Volume "body_vol3"
	{Box 30.5272 31.1297 86.9119}
	{Bone "group001"}
	{Matrix34
		0.730637	0.627758	0.268493
		-0.682663	0.664855	0.303214
		0.0118362	-0.40483	0.914315
		-60.454	-53.9513	-23.6275
	}
}
{Volume "body_vol4"
	{Box 31.9529 31.3849 91.9832}
	{Bone "group001"}
	{Matrix34
		0.654951	0.694073	0.298835
		-0.755578	0.595295	0.273359
		0.0118361	-0.40483	0.914315
		60.9524	58.2438	27.2506
	}
}
