;Exported by: Vnab
;Date:        Wed Dec 10 11:59:53 2014
;File:        C:\Users\Vnab\Desktop\Моддинг\МОДЕЛИ Готовые\Конвертированные\model_trash\car_crush_01_reverse\car_crush_01_reverse.max
{Skeleton
	{bone "basis"
		{Orientation
			1	0	0
			0	-1	0
			0	0	1
		}
		{bone "group001"
			{Matrix34
				0	0.939599	-0.342276
				0.106673	-0.340323	-0.934238
				-0.994294	-0.0365116	-0.10023
				-7.21974	-0.467942	23.2324
			}
			{VolumeView "group001.ply"}
		}
	}
}
{Obstacle "body"
	{Obb2
		{Center -7.45706 -11.2165}
		{Extent 21.6439 12.9229}
		{Axis 0.0356776 0.999363}
	}
	{Rotate}
	{Tags  "body"}
}
{Obstacle "body_vol2"
	{Obb2
		{Center -7.48007 21.6356}
		{Extent 11.4655 10.9859}
		{Axis 0.0356776 0.999363}
	}
	{Rotate}
	{Tags  "body"}
}
{Volume "body"
	{Box 43.2616 25.8017 32.0097}
	{Bone "group001"}
	{Matrix34
		0.938967	-0.344009	0
		-0.0344801	-0.0941128	0.994964
		-0.342276	-0.934238	-0.10023
		13.4618	2.77564	0.536466
	}
}
{Volume "body_vol2"
	{Box 22.9086 21.9484 25.7893}
	{Bone "group001"}
	{Matrix34
		0.938967	-0.344009	0
		-0.0344801	-0.0941128	0.994964
		-0.342276	-0.934238	-0.10023
		-18.8219	10.089	1.34422
	}
}
