;Exported by: Vnab
;Date:        Mon Nov 10 14:29:42 2014
;File:        C:\Users\Vnab\Desktop\Моддинг\Модели нов\Codename Panzers Cold War\Окружение\fountain_eu3_litle\fountain_eu_04_small.max
{Skeleton
	{bone "basis"
		{Orientation
			1	0	0
			0	-1	0
			0	0	1
		}
		{bone "group001"
			{Matrix34
				-0.999435	-0.033527	0.00244331
				0.00342432	-0.173844	-0.984767
				0.0334411	-0.984202	0.173861
				-0.404938	6.9619	38.219
			}
			{VolumeView "group001.ply"}
		}
	}
}
{Obstacle "body"
	{Obb2
		{Center -0.216663 -0.376159}
		{Extent 27.3436 21.6277}
		{Axis 1 0}
	}
	{Rotate}
	{Tags  "body"}
}
{Obstacle "body_vol2"
	{Obb2
		{Center -31.0024 -0.369737}
		{Extent 5.57105 5.29796}
		{Axis 1 0}
	}
	{Rotate}
	{Tags  "body"}
}
{Volume "body"
	{Box 54.6871 43.2553 22.2456}
	{Bone "group001"}
	{Matrix34
		-0.999435	0.0034243	0.033441
		-0.033527	-0.173844	-0.984203
		0.00244332	-0.984767	0.173861
		-0.0335687	27.829	1.77702
	}
}
{Volume "body_vol2"
	{Box 11.1421 10.5959 60.5575}
	{Bone "group001"}
	{Matrix34
		-0.999435	0.0034243	0.033441
		-0.033527	-0.173844	-0.984203
		0.00244332	-0.984767	0.173861
		30.7818	8.86054	4.0843
	}
}
