;Exported by: Vnab
;Date:        Thu Nov 06 14:00:44 2014
;File:        C:\Users\Vnab\Desktop\Моддинг\Модели нов\Codename Panzers Cold War\Здания\metro_entrance\metro_entrance.max
{Skeleton
	{bone "basis"
		{Orientation
			1	0	0
			0	-1	0
			0	0	1
		}
		{bone "group001"
			{Matrix34
				0.999498	-0.0316104	-0.00217032
				0.00342579	0.175908	-0.984401
				0.0314991	0.983899	0.175928
				-14.0829	2.72884	-11.0583
			}
			{VolumeView "group001.ply"}
		}
	}
}
{Obstacle "body"
	{Obb2
		{Center 5.72002 22.3689}
		{Extent 62.3676 0.957408}
		{Axis 1 0}
	}
	{Rotate}
	{Tags  "body"}
}
{Obstacle "body_vol2"
	{Obb2
		{Center -55.9979 -0.31824}
		{Extent 1.50449 23.6614}
		{Axis 1 0}
	}
	{Rotate}
	{Tags  "body"}
}
{Obstacle "body_vol3"
	{Obb2
		{Center 6.04668 -23.7268}
		{Extent 62.9147 0.957408}
		{Axis 1 0}
	}
	{Rotate}
	{Tags  "body"}
}
{Obstacle "body_vol4"
	{Obb2
		{Center 5.5901 -0.0421753}
		{Extent 64.5422 23.0174}
		{Axis 1 0}
	}
	{Rotate}
	{Tags  "body"}
}
{Volume "body"
	{Box 124.735 1.9148 59.5745}
	{Bone "group001"}
	{Matrix34
		0.999498	0.00342573	0.031499
		-0.0316103	0.175908	0.983899
		-0.00217019	-0.984401	0.175928
		20.5887	-3.2761	-24.2613
	}
}
{Volume "body_vol2"
	{Box 3.00896 47.3228 60.7264}
	{Bone "group001"}
	{Matrix34
		0.999498	0.00342573	0.031499
		-0.0316103	0.175908	0.983899
		-0.00217019	-0.984401	0.175928
		-41.8167	-0.0636311	-3.78213
	}
}
{Volume "body_vol3"
	{Box 125.829 1.91479 59.5745}
	{Bone "group001"}
	{Matrix34
		0.999498	0.00342573	0.031499
		-0.0316103	0.175908	0.983899
		-0.00217019	-0.984401	0.175928
		19.4581	4.83363	21.1026
	}
}
{Volume "body_vol4"
	{Box 135.01 46.0348 3.09478}
	{Bone "group001"}
	{Matrix34
		0.947716	-0.307471	0.0854194
		-0.0316103	0.175908	0.983899
		-0.317546	-0.935157	0.156991
		19.7678	8.56546	-3.62692
	}
}
