;Exported by: user
;Date:        Tue Aug 19 01:16:10 2014
;File:        C:\Users\user\Desktop\Моддинг\МОДЕЛИ\Готовые\Конвертированные\entourage\0ent_vehicle\marine\ship_Sailboat_Trawler_old\ship_Sailboat_Trawler_old.max
{Skeleton
	{bone "basis"
		{Orientation
			1	0	0
			0	-1	0
			0	0	1
		}
		{bone "object_1"
			{Matrix34
				-0.970999	0	-0.239083
				0.239083	0	-0.970999
				0	-1	0
				-3.91322	8.4881	21.3945
			}
			{VolumeView "object_1.ply"}
		}
	}
}
{Obstacle "body"
	{Obb2
		{Center 0.561508 -1.1507}
		{Extent 46.643 304.981}
		{Axis 1 0}
	}
	{Rotate}
	{Tags  "body"}
}
{Obstacle "body_vol2"
	{Obb2
		{Center 1.25688 -109.918}
		{Extent 30.911 75.8217}
		{Axis 1 0}
	}
	{Rotate}
	{Tags  "body"}
}
{Obstacle "body_vol3"
	{Obb2
		{Center -0.338174 293.011}
		{Extent 29.0079 25.3361}
		{Axis 1 0}
	}
	{Rotate}
	{Tags  "body"}
}
{Volume "body"
	{Box 93.2858 609.962 48.3639}
	{Bone "object_1"}
	{Matrix34
		-0.970999	0.239083	0
		0	0	-1
		-0.239083	-0.970999	0
		-5.06582	-1.85782	7.33741
	}
}
{Volume "body_vol2"
	{Box 61.8218 151.643 58.0153}
	{Bone "object_1"}
	{Matrix34
		-0.970999	0.239083	0
		0	0	-1
		-0.239083	-0.970999	0
		-16.8725	-46.9001	-101.43
	}
}
{Volume "body_vol3"
	{Box 58.0157 36.4107 68.3969}
	{Bone "object_1"}
	{Matrix34
		-0.970999	0.239083	0
		-0.0530205	-0.215334	-0.9751
		-0.23313	-0.946821	0.221766
		-16.0112	-50.0744	301.499
	}
}
