;Exported by: Vnab
;Date:        Mon Oct 13 14:45:33 2014
;File:        C:\Users\Vnab\Desktop\Моддинг\Модели нов\Company of heroes\Объекты\boxes_ammo5_ger_steel\boxes_ammo5_ger_steel.max
{Skeleton
	{bone "basis"
		{Orientation
			1	0	0
			0	-1	0
			0	0	1
		}
		{bone "group001"
			{Matrix34
				0.677155	0.735838	-0.00203463
				-0.598621	0.549269	-0.583058
				-0.427918	0.396038	0.812428
				-1.03318	0.658286	4.97655
			}
			{VolumeView "group001.ply"}
		}
	}
}
{Obstacle "body"
	{Obb2
		{Center -12.4404 -1.0571}
		{Extent 11.5325 6.03137}
		{Axis 1 0}
	}
	{Rotate}
	{Tags  "body"}
}
{Obstacle "body_vol2"
	{Obb2
		{Center 11.8841 0.750114}
		{Extent 11.9131 6.52035}
		{Axis 0.997567 0.0697212}
	}
	{Rotate}
	{Tags  "body"}
}
{Volume "body"
	{Box 23.065 12.0627 10.7372}
	{Bone "group001"}
	{Matrix34
		0.677155	-0.598621	-0.427919
		0.735838	0.549269	0.396038
		-0.00203476	-0.583057	0.812428
		-7.43176	6.81906	5.35778
	}
}
{Volume "body_vol2"
	{Box 23.7278 12.8581 5.43486}
	{Bone "group001"}
	{Matrix34
		0.61816	-0.639345	-0.457293
		0.78605	0.50128	0.361723
		-0.00203461	-0.583057	0.812428
		7.7152	-7.18893	-7.92066
	}
}
