;Exported by: Vnab
;Date:        Wed Jun 24 15:30:59 2015
;File:        C:\Users\Vnab\Desktop\Моддинг\МОДЕЛИ Готовые\Конвертированные\Social\lazaret_eu_hospital\lazaret_eu_hospital.max
{Skeleton
	{bone "basis"
		{Orientation
			1	0	0
			0	-1	0
			0	0	1
		}
		{bone "group001"
			{Matrix34
				0.464344	0.885655	0
				-0.199253	0.104467	-0.974364
				-0.86295	0.45244	0.224978
				16.7126	2.89919	30.0463
			}
			{VolumeView "group001.ply"}
		}
	}
}
{Obstacle "body"
	{Obb2
		{Center 44.0681 -54.3456}
		{Extent 99.3148 58.3434}
		{Axis 1 0}
	}
	{Rotate}
	{Tags  "body"}
}
{Obstacle "body_vol2"
	{Obb2
		{Center -29.5433 17.8351}
		{Extent 58.8695 101.515}
		{Axis 1 0}
	}
	{Rotate}
	{Tags  "body"}
}
{Volume "body"
	{Box 198.63 116.687 61.6211}
	{Bone "group001"}
	{Matrix34
		0.464344	-0.199253	-0.862951
		0.885655	0.104467	0.45244
		0	-0.974364	0.224979
		58.2662	0.0736065	-0.364668
	}
}
{Volume "body_vol2"
	{Box 117.739 203.03 61.1872}
	{Bone "group001"}
	{Matrix34
		0.464344	-0.199253	-0.862951
		0.885655	0.104467	0.45244
		0	-0.974364	0.224979
		-39.842	7.41192	30.4521
	}
}
