;Exported by: Vnab
;Date:        Tue Jun 17 16:04:00 2014
;File:        C:\Users\Vnab\Desktop\mow re\Моддинг\МОДЕЛИ\Готовые\Конвертированные\Decor\viselica\viselica.max
{Skeleton
	{bone "dummy01"
		{Orientation
			1	0	0
			0	-1	0
			0	0	1
		}
		{bone "drawcall_0027"
			{Matrix34
				0.999918	-0.0127765	0
				0.00194803	0.152457	-0.988308
				0.0126271	0.988227	0.152469
				-0.790665	0.870754	162.083
			}
			{VolumeView "drawcall_0027.ply"}
		}
	}
}
{Obstacle "body"
	{Obb2
		{Center -0.337852 0.0638523}
		{Extent 44.8096 23.8833}
		{Axis 1 0}
	}
	{Rotate}
	{Tags  "body"}
}
{Obstacle "body_vol2"
	{Obb2
		{Center 25.895 -40.8958}
		{Extent 10.7762 22.3435}
		{Axis 1 0}
	}
	{Rotate}
	{Tags  "body"}
}
{Obstacle "body_vol3"
	{Obb2
		{Center -37.2732 8.32062}
		{Extent 1.99697 1.99697}
		{Axis 1 0}
	}
	{Rotate}
	{Tags  "body"}
}
{Obstacle "body_vol4"
	{Obb2
		{Center 37.985 7.96087}
		{Extent 1.99697 2.36005}
		{Axis 1 0}
	}
	{Rotate}
	{Tags  "body"}
}
{Volume "body"
	{Box 89.6191 47.7665 37.3145}
	{Bone "drawcall_0027"}
	{Matrix34
		0.999918	0.00194801	0.0126268
		-0.0127762	0.152457	0.988227
		0	-0.988308	0.15247
		0.464715	141.607	-22.7859
	}
}
{Volume "body_vol2"
	{Box 21.5523 51.7899 11.5804}
	{Bone "drawcall_0027"}
	{Matrix34
		0.999918	0.00194802	0.0126273
		-0.00899555	0.809174	0.5875
		-0.00907319	-0.587566	0.809125
		26.1721	143.699	18.6713
	}
}
{Volume "body_vol3"
	{Box 3.99393 64.9922 3.99393}
	{Bone "drawcall_0027"}
	{Matrix34
		0.0127765	-0.152457	-0.988228
		0	-0.988308	0.152469
		-0.999918	-0.00194781	-0.0126271
		-36.3621	90.706	-23.7645
	}
}
{Volume "body_vol4"
	{Box 3.99393 60.2721 4.7201}
	{Bone "drawcall_0027"}
	{Matrix34
		0.999918	0.00194803	0.0126273
		0	-0.988308	0.152469
		0.0127766	-0.152457	-0.988227
		38.8854	92.4781	-22.701
	}
}
{Volume "body_vol5"
	{Box 98.396 5.08319 5.80936}
	{Bone "drawcall_0027"}
	{Matrix34
		0.999918	0.00194803	0.0126273
		0	-0.988308	0.152469
		0.0127766	-0.152457	-0.988227
		0.775122	60.7002	-19.1252
	}
}
