;Exported by: Basement
;Date:        Tue Dec 10 00:17:52 2019
;File:        C:\Users\Basement\Documents\3dsMax\saves\ins_sq.max
{Skeleton
	{bone "basis"
		{Orientation
			1	0	0
			0	-1	0
			0	0	1
		}
		{bone "body"
			{parameters "Voxels=0;"}
			{Matrix34
				0	0	1
				0	-1	0
				1	0	0
				0	0.0344553	19.9224
			}
			{bone "foot1l"
				{parameters "Voxels=0;"}
				{Matrix34
					-0.992678	-0.0810946	0.0895239
					0.0890002	0.0100572	0.995981
					0.0816691	-0.996656	0.00276611
					-0.143509	-2.13095	-0.488995
				}
				{bone "foot2l"
					{parameters "Voxels=0;"}
					{Matrix34
						0.965518	-0.260335	-0.000191718
						0.260335	0.965518	-7.20136e-05
						0.000203855	1.96192e-05	1
						9.37838	-0.0471725	0
					}
					{bone "bone06"
						{Matrix34
							0.22138	0.973964	0.0488402
							-0.972284	0.216582	0.0880678
							0.0751968	-0.066983	0.994917
							8.74023	0.113252	0.00567913
						}
					}
					{bone "foot3l"
						{parameters "Voxels=0;"}
						{Matrix34
							0.106408	0.99298	-0.0516621
							0.0841355	0.0427791	0.995536
							0.990757	-0.11028	-0.0789928
							9.2003	-0.34629	-0.0729969
						}
						{bone "bone07"
							{Position 2.60015	0	0}
						}
					}
				}
			}
			{bone "foot1r"
				{parameters "Voxels=0;"}
				{Matrix34
					-0.9928	0.0762209	0.0924044
					0.0919331	-0.00967743	0.995718
					0.0767888	0.997044	0.00260054
					-0.143518	2.17103	-0.488755
				}
				{bone "foot2r"
					{parameters "Voxels=0;"}
					{Matrix34
						0.963926	-0.266169	-0.000180736
						0.266169	0.963926	-6.79577e-05
						0.000192158	1.74134e-05	1
						9.37831	-0.0472323	0
					}
					{bone "bone03"
						{Matrix34
							0.22138	0.973964	0.0488401
							-0.972284	0.216582	0.0880678
							0.0751967	-0.066983	0.994916
							8.74024	0.113252	0.00567794
						}
					}
					{bone "foot3r"
						{parameters "Voxels=0;"}
						{Matrix34
							0.104647	0.99372	-0.0396264
							-0.0780552	-0.0315154	-0.996451
							-0.991442	0.107369	0.0742672
							9.20031	-0.34629	-0.0729973
						}
						{bone "bone05"
							{Position 2.60015	0	0}
						}
					}
				}
			}
			{bone "ik_leftright"
				{parameters "Voxels=0;"}
				{Matrix34
					0	0	1
					0	-1	0
					1	0	0
					1.90368	0.0344548	0
				}
				{bone "ik_updown"
					{parameters "Voxels=0;"}
					{Matrix34
						1	0	0
						0	0	1
						0	-1	0
						0	0	1.66801
					}
					{bone "head"
						{parameters "Voxels=0;"}
						{Matrix34
							1	0	0
							0	0	-1
							0	1	0
							0	7.21458	0
						}
						{bone "visor"
							{Matrix34
								1	0	0
								0	1	0
								0	0	1
								2.31916	0	2.33291
							}
						}
					}
					{bone "clavicle_right"
						{Position -0.13918	6.12487	1.17254}
						{bone "hand1r"
							{parameters "Voxels=0;"}
							{Matrix34
								0.0243795	-0.0539207	0.998248
								0.993239	-0.112058	-0.03031
								0.113496	0.992238	0.0508242
								-0.985447	-0.225973	2.95336
							}
							{bone "hand2r"
								{parameters "Voxels=0;"}
								{Matrix34
									0.999998	-0.00213746	0
									0.00213749	0.999998	0
									0	0	1
									6.26812	0	0
								}
								{bone "hand3r"
									{Matrix34
										0.982611	-0.185677	0
										0.185677	0.982611	0
										0	0	1
										5.19219	0	0
									}
								}
								{bone "hand_rot1r"
									{Matrix34
										0.00333277	-0.999958	0.00855681
										-0.999992	-0.00331492	0.00210673
										-0.00207829	-0.00856363	-0.999961
										5.19225	0	0
									}
									{bone "palm1r"
										{Matrix34
											-0.987462	-0.121604	-0.100652
											-0.0703695	-0.231655	0.970249
											-0.141303	0.965168	0.220194
											0.121391	-0.163001	0.149544
										}
										{bone "palm2r"
											{Matrix34
												-0.00749023	0.507056	-0.86188
												0.00229667	0.861911	0.507054
												0.999969	0.00181855	-0.00762028
												0.146145	0.242285	-1.25751
											}
											{bone "palm3r"
												{Matrix34
													0.576833	0.816862	0
													-0.816862	0.576832	0
													0	0	1
													0.581881	-0.000114441	0
												}
											}
										}
									}
								}
							}
						}
					}
					{bone "clavicle_left"
						{Position -0.13918	6.12487	-1.18112}
						{bone "hand1l"
							{parameters "Voxels=0;"}
							{Matrix34
								0.0292907	-0.0466019	-0.998484
								0.999336	0.0229963	0.0282424
								0.0216452	-0.998649	0.0472446
								-0.729425	-0.225973	-2.95274
							}
							{bone "hand2l"
								{parameters "Voxels=0;"}
								{Matrix34
									0.999998	-0.00213474	0
									0.00213472	0.999998	0
									0	0	1
									6.26812	0	0
								}
								{bone "hand3l"
									{Matrix34
										0.982611	-0.185677	0
										0.185677	0.982611	0
										0	0	1
										5.19218	0	0
									}
								}
								{bone "left_hand"
									{parameters "Voxels=0;"}
									{Matrix34
										0.275671	0.823504	-0.495829
										0.00418887	-0.51684	-0.856072
										-0.961243	0.233918	-0.145928
										5.99778	-0.667302	0.409922
									}
								}
								{bone "hand_rot1l"
									{Matrix34
										0.00130344	-0.999932	0.0116399
										-0.999999	-0.00131557	-0.00103795
										0.00105314	-0.0116383	-0.999932
										5.25744	-0.000656426	-0.00162697
									}
									{bone "palm1l"
										{Matrix34
											0.965404	0.249251	-0.0766093
											-0.0261249	-0.199862	-0.979476
											-0.259446	0.947591	-0.186435
											0.0886893	-0.337658	-0.09161
										}
										{bone "palm2l"
											{Matrix34
												-0.00576755	0.491352	-0.870942
												-0.00434882	-0.870961	-0.491333
												-0.999974	0.000953577	0.00716029
												-0.0738373	0.242493	-1.26342
											}
											{bone "palm3l"
												{Matrix34
													0.578449	-0.815719	0
													0.815719	0.578449	0
													0	0	1
													0.578551	0.000164032	0
												}
											}
										}
									}
								}
							}
						}
					}
				}
			}
			{bone "placement"
				{Matrix34
					0	1	0
					-1	0	0
					0	0	1
					0.783108	0	0
				}
			}
		}
		{bone "foresight2rot"
			{parameters "Voxels=0;"}
			{Position 13.7429	0.0246876	27.5947}
		}
		{bone "skin"
			{Matrix34
				0	1	0
				-1	0	0
				0	0	1
				0.574674	0.011625	0.414425
			}
			{VolumeView "skin.ply"}
		}
	}
}
