;Exported by: Vnab
;Date:        Tue Jun 23 16:34:23 2015
;File:        C:\Users\Vnab\Desktop\Моддинг\МОДЕЛИ Готовые\Конвертированные\entourage\0ent_vehicle\marine\transp_ru2\transp_ru2.max
{Skeleton
	{bone "basis"
		{Orientation
			1	0	0
			0	-1	0
			0	0	1
		}
		{bone "group01"
			{Matrix34
				-0.997414	0.0179923	-0.0695773
				-0.0206156	-0.999096	0.0371711
				-0.0688457	0.0385094	0.996884
				-2.88194	-0.118881	45.7261
			}
			{VolumeView "group01.ply"}
		}
	}
}
{Obstacle "body"
	{Obb2
		{Center -0.459067 4.43822}
		{Extent 42.433 130.379}
		{Axis 0.999848 0.0174436}
	}
	{Rotate}
	{Tags  "body"}
}
{Obstacle "body_vol2"
	{Obb2
		{Center -1.22216 9.89775}
		{Extent 26.145 172.04}
		{Axis 0.999848 0.0174436}
	}
	{Rotate}
	{Tags  "body"}
}
{Obstacle "body_vol3"
	{Obb2
		{Center -1.85873 124.43}
		{Extent 20.563 17.1542}
		{Axis 0.999848 0.0174436}
	}
	{Rotate}
	{Tags  "body"}
}
{Volume "body"
	{Box 260.513 84.1026 32.8205}
	{Bone "group01"}
	{Matrix34
		0.00351528	-0.99929	0.0375025
		0.99757	0.00611413	0.069401
		-0.069581	0.0371674	0.996884
		-0.454609	3.17578	-29.5576
	}
}
{Volume "body_vol2"
	{Box 343.932 51.282 21.8803}
	{Bone "group01"}
	{Matrix34
		0.00351528	-0.99929	0.0375025
		0.99757	0.00611413	0.069401
		-0.069581	0.0371674	0.996884
		-0.22492	8.87755	-23.5084
	}
}
{Volume "body_vol3"
	{Box 34.188 41.0256 64.9573}
	{Bone "group01"}
	{Matrix34
		0.00351528	-0.99929	0.0375025
		0.99757	0.00611413	0.069401
		-0.069581	0.0371674	0.996884
		-3.61688	124.37	0.295727
	}
}
