;Exported by: Vnab
;Date:        Tue Oct 07 15:39:44 2014
;File:        C:\Users\Vnab\Desktop\Моддинг\Модели нов\Air Conflicts.Secret Wars\Здания\Социальное\rw_sclad_02\rw_sclad_02.max
{Skeleton
	{bone "basis"
		{Orientation
			1	0	0
			0	-1	0
			0	0	1
		}
		{bone "group001"
			{Matrix34
				0.193176	0.981107	0.010628
				-0.953629	0.190292	-0.233195
				-0.230811	0.0349125	0.972372
				-2.31165	6.97256	68.202
			}
			{VolumeView "group001.ply"}
		}
	}
}
{Obstacle "body"
	{Obb2
		{Center -54.6223 -1.39458}
		{Extent 322.735 66.3248}
		{Axis 1 0}
	}
	{Rotate}
	{Tags  "body"}
}
{Obstacle "body_vol2"
	{Obb2
		{Center -15.6479 1.47151}
		{Extent 309.743 82.735}
		{Axis 1 0}
	}
	{Rotate}
	{Tags  "body"}
}
{Obstacle "body_vol3"
	{Obb2
		{Center 339.254 -0.736679}
		{Extent 57.5355 85.0945}
		{Axis 1 0}
	}
	{Rotate}
	{Tags  "body"}
}
{Volume "body"
	{Box 645.47 132.65 118.974}
	{Bone "group001"}
	{Matrix34
		0.193176	-0.953629	-0.230811
		0.981106	0.190292	0.0349124
		0.010628	-0.233195	0.972372
		-15.6704	50.8557	3.40507
	}
}
{Volume "body_vol2"
	{Box 619.487 165.47 16.4103}
	{Bone "group001"}
	{Matrix34
		0.193176	-0.953629	-0.230811
		0.981106	0.190292	0.0349124
		0.010628	-0.233195	0.972372
		-11.4984	25.102	-55.556
	}
}
{Volume "body_vol3"
	{Box 115.071 170.189 16.4387}
	{Bone "group001"}
	{Matrix34
		0.193176	-0.953629	-0.230811
		0.981106	0.190292	0.0349124
		0.010628	-0.233195	0.972372
		59.2268	-312.926	-137.381
	}
}
