;Exported by: Vnab
;Date:        Tue Dec 02 15:42:41 2014
;File:        C:\Users\Vnab\Desktop\Моддинг\Модели нов\Pacific Storm\ВВС\yak-3_ru\yak-3_ru.max
{Skeleton
	{bone "basis"
		{Orientation
			1	0	0
			0	-1	0
			0	0	1
		}
		{bone "group001"
			{Matrix34
				1	0	0
				0	0.972894	-0.231252
				0	0.231252	0.972894
				1.00919	23.6837	24.7043
			}
			{VolumeView "group001.ply"}
		}
	}
}
{Obstacle "body"
	{Obb2
		{Center 1.32817 -92.4493}
		{Extent 27.8856 6.41108}
		{Axis 1 0}
	}
	{Rotate}
	{Tags  "body"}
}
{Obstacle "body_vol2"
	{Obb2
		{Center 1.14984 -0.910017}
		{Extent 85.5158 9.14378}
		{Axis 1 0}
	}
	{Rotate}
	{Tags  "body"}
}
{Obstacle "body_vol3"
	{Obb2
		{Center 1.04643 -20.2657}
		{Extent 5.8196 67.1968}
		{Axis 1 0}
	}
	{Rotate}
	{Tags  "body"}
}
{Obstacle "body_vol4"
	{Obb2
		{Center 1.02877 18.8608}
		{Extent 34.6353 5.71539}
		{Axis 1 0}
	}
	{Rotate}
	{Tags  "body"}
}
{Volume "body"
	{Box 55.7712 12.6091 2.58649}
	{Bone "group001"}
	{Matrix34
		1	0	0
		0	0.998393	-0.0566732
		0	0.0566732	0.998393
		0.318978	68.6286	8.63685
	}
}
{Volume "body_vol2"
	{Box 171.032 18.1054 2.9098}
	{Bone "group001"}
	{Position 0.140651	-22.8604	-2.30443}
}
{Volume "body_vol3"
	{Box 11.6392 132.881 22.9551}
	{Bone "group001"}
	{Matrix34
		1	0	0
		0	0.999802	-0.0199104
		0	0.0199104	0.999802
		0.0372404	-4.00353	2.06277
	}
}
{Volume "body_vol4"
	{Box 69.2705 11.4308 13.0311}
	{Bone "group001"}
	{Matrix34
		1	0	0
		0	0.972894	0.231251
		0	-0.231251	0.972894
		0.0195765	-37.1851	-27.5342
	}
}
