;Exported by: Vnab
;Date:        Thu Oct 02 16:00:41 2014
;File:        C:\Users\Vnab\Desktop\Моддинг\Модели нов\Rush for b 2\Окружение\fau-2_transit1\fau-2_transit1.max
{Skeleton
	{bone "basis"
		{Orientation
			1	0	0
			0	-1	0
			0	0	1
		}
		{bone "group001"
			{Matrix34
				0.998629	0.052336	0
				-0.0241661	0.461116	-0.887011
				-0.0464226	0.885795	0.461749
				11.3998	1.45738	15.1898
			}
			{VolumeView "group001.ply"}
		}
	}
}
{Obstacle "body"
	{Obb2
		{Center -0.641197 -0.319608}
		{Extent 47.1795 7.97853}
		{Axis 1 0}
	}
	{Rotate}
	{Tags  "body"}
}
{Obstacle "body_vol2"
	{Obb2
		{Center -36.7484 -0.236396}
		{Extent 14.5048 11.4829}
		{Axis 1 0}
	}
	{Rotate}
	{Tags  "body"}
}
{Obstacle "body_vol3"
	{Obb2
		{Center 44.2366 -0.236431}
		{Extent 6.16452 11.6038}
		{Axis 1 0}
	}
	{Rotate}
	{Tags  "body"}
}
{Obstacle "body_vol4"
	{Obb2
		{Center -43.8992 -0.661629}
		{Extent 11.9449 9.06547}
		{Axis 1 0}
	}
	{Rotate}
	{Tags  "body"}
}
{Volume "body"
	{Polyhedron "body.vol"}
	{Bone "group001"}
	{Matrix34
		-0.0523362	-0.461116	-0.885795
		0	-0.887011	0.461749
		-0.998629	0.0241662	0.0464227
		-59.1988	-6.43492	5.56302
	}
}
{Volume "body_vol2"
	{Box 29.0095 22.9659 13.1751}
	{Bone "group001"}
	{Matrix34
		0.998629	-0.0241663	-0.0464226
		0.0523361	0.461116	0.885795
		0	-0.887011	0.461749
		-48.1461	8.23074	-2.81842
	}
}
{Volume "body_vol3"
	{Box 12.329 23.2076 12.329}
	{Bone "group001"}
	{Matrix34
		0.998629	-0.0241663	-0.0464226
		0.0523361	0.461116	0.885795
		0	-0.887011	0.461749
		32.7279	6.64896	-6.77328
	}
}
{Volume "body_vol4"
	{Box 23.812 2.41746 18.1309}
	{Bone "group001"}
	{Matrix34
		0.997823	0.0115042	-0.0649437
		0.0401368	-0.887266	0.45951
		-0.0523359	-0.461116	-0.885795
		-55.2649	-13.6947	9.49591
	}
}
