;Exported by: Vnab
;Date:        Fri Apr 25 11:51:13 2014
;File:        C:\Users\Vnab\Desktop\mow re\Моддинг\МОДЕЛИ\Готовые\Здания\Россия\sov_vorota\sov_vorota.max
{Skeleton
	{bone "basis"
		{Orientation
			1	0	0
			0	-1	0
			0	0	1
		}
		{bone "group01"
			{Matrix34
				0.99997	-0.00780288	0
				0.00779101	0.998449	0.0551352
				-0.000430224	-0.0551335	0.998479
				-1.49704	1.1518	54.4917
			}
			{VolumeView "group01.ply"}
		}
	}
}
{Obstacle "body"
	{Obb2
		{Center -65.6992 -1.05663}
		{Extent 1.77367 1.77367}
		{Axis 1 0}
	}
	{Rotate}
	{Tags  "body"}
}
{Obstacle "body_vol2"
	{Obb2
		{Center 62.4408 -1.2546}
		{Extent 1.69682 1.69683}
		{Axis 1 0}
	}
	{Rotate}
	{Tags  "body"}
}
{Obstacle "body_vol3"
	{Obb2
		{Center -1.02094 -0.381882}
		{Extent 62.4869 1.45319}
		{Axis 1 0}
	}
	{Rotate}
	{Tags  "body"}
}
{Volume "body"
	{Box 3.54734 3.54734 95.1522}
	{Bone "group01"}
	{Matrix34
		0.999969	0.007791	-0.000430261
		-0.00780289	0.998448	-0.0551335
		0	0.0551352	0.998479
		-64.1994	-1.20544	-11.0179
	}
}
{Volume "body_vol2"
	{Box 3.39365 3.39365 94.3176}
	{Bone "group01"}
	{Matrix34
		0.999969	0.007791	-0.000430261
		-0.00780289	0.998448	-0.0551335
		0	0.0551352	0.998479
		63.935	-0.0324388	-11.5006
	}
}
{Volume "body_vol3"
	{Box 124.974 20.0217 2.90637}
	{Bone "group01"}
	{Matrix34
		0.999969	0.007791	-0.000430261
		0	0.0551352	0.998479
		0.00780289	-0.998448	0.0551334
		0.482092	0.630002	25.3055
	}
}
