;Exported by: Vnab
;Date:        Fri Nov 07 10:59:16 2014
;File:        C:\Users\Vnab\Desktop\Моддинг\Модели нов\The Saboteur\Здания\paris_l_Arc de Triomphe\paris_l_Arc de Triomphe.max
{Skeleton
	{bone "basis"
		{Orientation
			1	0	0
			0	-1	0
			0	0	1
		}
		{bone "group001"
			{Matrix34
				0.999657	0.0261769	0
				-0.0259531	0.991105	-0.130527
				-0.00341681	0.130481	0.991445
				0.230211	1.17249	255.436
			}
			{VolumeView "group001.ply"}
		}
	}
}
{Obstacle "body"
	{Obb2
		{Center 2.23146 -4.70685}
		{Extent 239.299 132.855}
		{Axis 1 0}
	}
	{Rotate}
	{Tags  "body"}
}
{Obstacle "body_vol10"
	{Obb2
		{Center -168.71 -105.315}
		{Extent 65.6466 32.8233}
		{Axis 1 0}
	}
	{Rotate}
	{Tags  "body"}
}
{Obstacle "body_vol11"
	{Obb2
		{Center 159.408 -98.3415}
		{Extent 89.1322 48.3861}
		{Axis 1 0}
	}
	{Rotate}
	{Tags  "body"}
}
{Obstacle "body_vol12"
	{Obb2
		{Center 172.283 -157.338}
		{Extent 47.3957 10.4695}
		{Axis 1 0}
	}
	{Rotate}
	{Tags  "body"}
}
{Obstacle "body_vol13"
	{Obb2
		{Center 176.334 -108.762}
		{Extent 64.2318 39.3314}
		{Axis 1 0}
	}
	{Rotate}
	{Tags  "body"}
}
{Obstacle "body_vol2"
	{Obb2
		{Center 158.027 86.8168}
		{Extent 88.5663 49.5179}
		{Axis 1 0}
	}
	{Rotate}
	{Tags  "body"}
}
{Obstacle "body_vol3"
	{Obb2
		{Center 162.058 93.8058}
		{Extent 77.632 35.6147}
		{Axis 1 0}
	}
	{Rotate}
	{Tags  "body"}
}
{Obstacle "body_vol4"
	{Obb2
		{Center 170.643 146.683}
		{Extent 49.5179 9.90359}
		{Axis 1 0}
	}
	{Rotate}
	{Tags  "body"}
}
{Obstacle "body_vol5"
	{Obb2
		{Center -172.204 144.674}
		{Extent 48.5276 11.1769}
		{Axis 1 0}
	}
	{Rotate}
	{Tags  "body"}
}
{Obstacle "body_vol6"
	{Obb2
		{Center -159.489 85.8618}
		{Extent 75.231 26.4109}
		{Axis 1 0}
	}
	{Rotate}
	{Tags  "body"}
}
{Obstacle "body_vol7"
	{Obb2
		{Center -160.332 85.1337}
		{Extent 91.3959 48.1031}
		{Axis 1 0}
	}
	{Rotate}
	{Tags  "body"}
}
{Obstacle "body_vol8"
	{Obb2
		{Center -170.053 -153.117}
		{Extent 47.0194 15.2063}
		{Axis 1 0}
	}
	{Rotate}
	{Tags  "body"}
}
{Obstacle "body_vol9"
	{Obb2
		{Center -159.373 -98.2577}
		{Extent 87.1515 47.2542}
		{Axis 1 0}
	}
	{Rotate}
	{Tags  "body"}
}
{Volume "body"
	{Box 478.598 265.71 150.462}
	{Bone "group001"}
	{Matrix34
		0.999657	-0.0259531	-0.00341677
		0.026177	0.991105	0.130481
		0	-0.130526	0.991445
		2.09308	-19.9094	177.894
	}
}
{Volume "body_vol10"
	{Box 131.293 65.6466 361.749}
	{Bone "group001"}
	{Matrix34
		0.999657	-0.0259531	-0.00341677
		0.026177	0.991105	0.130481
		0	-0.130526	0.991445
		-166.156	117.736	-62.8147
	}
}
{Volume "body_vol11"
	{Box 178.264 96.7721 46.9713}
	{Bone "group001"}
	{Matrix34
		0.999657	-0.0259531	-0.00341677
		0.026177	0.991105	0.130481
		0	-0.130526	0.991445
		161.667	122.852	-220.888
	}
}
{Volume "body_vol12"
	{Box 94.7914 20.939 102.997}
	{Bone "group001"}
	{Matrix34
		0.999657	-0.0259531	-0.00341677
		0.026177	0.991105	0.130481
		0	-0.130526	0.991445
		176.082	177.333	-185.461
	}
}
{Volume "body_vol13"
	{Box 128.464 78.6627 361.749}
	{Bone "group001"}
	{Matrix34
		0.999657	-0.0259531	-0.00341677
		0.026177	0.991105	0.130481
		0	-0.130526	0.991445
		178.86	112.197	-63.5439
	}
}
{Volume "body_vol2"
	{Box 177.133 99.0358 46.9713}
	{Bone "group001"}
	{Matrix34
		0.999657	-0.0259531	-0.00341677
		0.026177	0.991105	0.130481
		0	-0.130526	0.991445
		155.44	-60.6237	-245.043
	}
}
{Volume "body_vol3"
	{Box 155.264 71.2294 372.954}
	{Bone "group001"}
	{Matrix34
		0.999657	-0.0259531	-0.00341677
		0.026177	0.991105	0.130481
		0	-0.130526	0.991445
		159.286	-88.9299	-84.3721
	}
}
{Volume "body_vol4"
	{Box 99.0358 19.8072 104.129}
	{Bone "group001"}
	{Matrix34
		0.999657	-0.0259531	-0.00341677
		0.026177	0.991105	0.130481
		0	-0.130526	0.991445
		166.484	-124.015	-224.564
	}
}
{Volume "body_vol5"
	{Box 97.0551 22.3538 104.129}
	{Bone "group001"}
	{Matrix34
		0.999657	-0.0259531	-0.00341677
		0.026177	0.991105	0.130481
		0	-0.130526	0.991445
		-176.193	-113.126	-223.13
	}
}
{Volume "body_vol6"
	{Box 150.462 52.8218 361.749}
	{Bone "group001"}
	{Matrix34
		0.999657	-0.0259531	-0.00341677
		0.026177	0.991105	0.130481
		0	-0.130526	0.991445
		-161.942	-71.9801	-87.7913
	}
}
{Volume "body_vol7"
	{Box 182.792 96.2062 46.9713}
	{Bone "group001"}
	{Matrix34
		0.999657	-0.0259531	-0.00341677
		0.026177	0.991105	0.130481
		0	-0.130526	0.991445
		-162.766	-50.6932	-243.736
	}
}
{Volume "body_vol8"
	{Box 94.0388 30.4125 104.043}
	{Bone "group001"}
	{Matrix34
		0.999657	-0.0259531	-0.00341677
		0.026177	0.991105	0.130481
		0	-0.130526	0.991445
		-166.247	181.966	-184.324
	}
}
{Volume "body_vol9"
	{Box 174.303 94.5085 48.1031}
	{Bone "group001"}
	{Matrix34
		0.999657	-0.0259531	-0.00341677
		0.026177	0.991105	0.130481
		0	-0.130526	0.991445
		-157.007	130.968	-219.249
	}
}
