;Exported by: Vnab
;Date:        Mon Dec 01 11:10:29 2014
;File:        C:\Users\Vnab\Desktop\Моддинг\Модели нов\tropico 4\Ferris wheel_big\Ferris wheel_big.max
{Skeleton
	{bone "basis"
		{Orientation
			1	0	0
			0	-1	0
			0	0	1
		}
		{bone "group001"
			{Matrix34
				0.999963	0.00855201	0
				-0.00855198	0.99996	0.00253635
				2.16909e-005	-0.00253626	0.999997
				0.774707	11.8759	355.807
			}
			{VolumeView "group001.ply"}
		}
	}
}
{Obstacle "body"
	{Obb2
		{Center 1.53296 21.8421}
		{Extent 349.039 70.6149}
		{Axis 1 0}
	}
	{Rotate}
	{Tags  "body"}
}
{Obstacle "body_vol2"
	{Obb2
		{Center 0.826736 -71.0778}
		{Extent 130.537 21.6373}
		{Axis 1 0}
	}
	{Rotate}
	{Tags  "body"}
}
{Obstacle "body_vol3"
	{Obb2
		{Center 3.72378 -106.508}
		{Extent 78.8533 14.123}
		{Axis 1 0}
	}
	{Rotate}
	{Tags  "body"}
}
{Obstacle "body_vol4"
	{Obb2
		{Center 129.377 -39.2804}
		{Extent 64.5553 11.0564}
		{Axis 1 0}
	}
	{Rotate}
	{Tags  "body"}
}
{Obstacle "body_vol5"
	{Obb2
		{Center -137.299 -36.2462}
		{Extent 67.5886 13.4505}
		{Axis 1 0}
	}
	{Rotate}
	{Tags  "body"}
}
{Obstacle "body_vol6"
	{Obb2
		{Center 0.173982 69.8395}
		{Extent 15.8043 7.56589}
		{Axis 1 0}
	}
	{Rotate}
	{Tags  "body"}
}
{Volume "body"
	{Box 698.079 141.23 25.5559}
	{Bone "group001"}
	{Matrix34
		0.999964	-0.00855197	2.14577e-005
		0.008552	0.99996	-0.00253629
		0	0.00253639	0.999997
		0.469884	-34.6068	-348.345
	}
}
{Volume "body_vol2"
	{Box 261.074 43.2746 25.2039}
	{Bone "group001"}
	{Matrix34
		0.999964	-0.00855197	2.14577e-005
		0.008552	0.99996	-0.00253629
		0	0.00253639	0.999997
		0.558332	58.315	-348.757
	}
}
{Volume "body_vol3"
	{Box 157.707 28.246 24.5471}
	{Bone "group001"}
	{Matrix34
		0.999964	-0.00855197	2.14577e-005
		0.008552	0.99996	-0.00253629
		0	0.00253639	0.999997
		3.75826	93.7181	-349.175
	}
}
{Volume "body_vol4"
	{Box 129.111 22.1129 49.6945}
	{Bone "group001"}
	{Matrix34
		0.999964	-0.00855197	2.14577e-005
		0.008552	0.99996	-0.00253629
		0	0.00253639	0.999997
		128.832	25.5165	-310.416
	}
}
{Volume "body_vol5"
	{Box 135.177 26.9009 47.4129}
	{Bone "group001"}
	{Matrix34
		0.999964	-0.00855197	2.14577e-005
		0.008552	0.99996	-0.00253629
		0	0.00253639	0.999997
		-137.86	24.7601	-311.555
	}
}
{Volume "body_vol6"
	{Box 31.6086 15.1318 384.241}
	{Bone "group001"}
	{Matrix34
		0.999964	-0.00855197	2.14577e-005
		0.008552	0.99996	-0.00253629
		0	0.00253639	0.999997
		-1.29953	-82.0699	-142.87
	}
}
{Volume "body_vol7"
	{Cylinder 300.537 64.1174}
	{Bone "group001"}
	{Matrix34
		0.999964	-0.00855197	2.14577e-005
		0	0.00253622	0.999997
		-0.008552	-0.99996	0.00253613
		-1.98294	-34.4395	33.2185
	}
}
