;Exported by: butyvsky
;Date:        Wed Nov 21 13:10:45 2007
;File:        D:\-Projects-\-3D Work-\Tank\A39 Cherepaha\A39_xx.max
{Skeleton
	{bone revolute "basis"
		{parameters "WheelRadius=0.5;"}
		{Orientation
			1	0	0
			0	-1	0
			0	0	1
		}
		{bone "body"
			{parameters "ID=body;"}
			{Matrix34
				0.99945	-0.00214888	-0.0330861
				0.00338807	0.999293	0.0374431
				0.0329822	-0.0375347	0.998751
				-8.08342	0.113562	16.6092
			}
			{VolumeView "body.ply"}
			{bone "mgun1"
				{Position 31.1046	21.3626	23.8147}
				{VolumeView "mgun1.ply"}
			}
			{bone "engine"
				{parameters "ID=engine;"}
				{Position -35.8516	0.420165	20.1341}
				{VolumeView "engine.ply"}
			}
			{bone "fxfire1"
				{Matrix34
					-0.087156	0	0.996195
					0.996195	0	0.087156
					0	1	0
					-34.4997	-0.248119	14.5259
				}
			}
			{bone "part1"
				{Position -2.75655	-25.8391	39.4867}
				{VolumeView "part1.ply"}
			}
			{bone "part2"
				{parameters "ID=body;"}
				{Matrix34
					0.998901	0.0363684	0.0295758
					-0.0295958	1.14053e-005	0.999562
					0.0363522	-0.999338	0.00108774
					-57.6727	-0.0366904	12.4186
				}
				{VolumeView "part2.ply"}
			}
			{bone revolute "gun_rot2"
				{limits -5 5}
				{Position 39.4382	-0.248119	19.1695}
				{bone "gun_rot1"
					{parameters "ID=gun;"}
					{Matrix34
						0.14156	0.98977	0.0177588
						0.283883	-0.057775	0.957117
						0.948352	-0.130448	-0.289158
						4.26225	-0.152547	0.173301
					}
					{VolumeView "gun_rot1.ply"}
					{bone "gun"
						{parameters "ID=gun;"}
						{Matrix34
							0	0	1
							1	0	0
							0	1	0
							0	0	-0.53463
						}
						{VolumeView "gun.ply"}
					}
				}
			}
		}
		{bone "wheelsl"
			{parameters "ID=trackleft;"}
			{Matrix34
				1	0	0
				0	0	1
				0	-1	0
				0.19641	28.2647	12.1432
			}
			{VolumeView "wheelsl.ply"}
			{bone revolute "wheell1"
				{parameters "ID=trackleft;"}
				{Matrix34
					1	0	0
					0	-1	0
					0	0	-1
					34.9564	-6.02199	-0.0101588
				}
				{VolumeView "wheell1.ply"}
			}
			{bone revolute "wheell7"
				{parameters "ID=trackleft;"}
				{Matrix34
					1	0	0
					0	-1	0
					0	0	-1
					-39.1455	-6.02199	-0.0101645
				}
				{VolumeView "wheell1.ply"}
			}
			{bone revolute "wheell8"
				{parameters "ID=trackleft;"}
				{Matrix34
					1	0	0
					0	-1	0
					0	0	-1
					-51.2889	-6.02199	-0.0101664
				}
				{VolumeView "wheell1.ply"}
			}
			{bone revolute "wheell2"
				{parameters "ID=trackleft;"}
				{Matrix34
					1	0	0
					0	-1	0
					0	0	-1
					22.7823	-6.02199	-0.0101588
				}
				{VolumeView "wheell2.ply"}
			}
		}
		{bone "wheelsr"
			{parameters "ID=trackright;"}
			{Matrix34
				1	0	0
				0	0	1
				0	-1	0
				0.147452	-28.7615	12.1271
			}
			{VolumeView "wheelsr.ply"}
			{bone revolute "wheelr1"
				{parameters "ID=trackright;"}
				{Matrix34
					1	0	0
					0	-1	0
					0	0	-1
					35.0054	-6.00582	0.00717136
				}
				{VolumeView "wheell1.ply"}
			}
			{bone revolute "wheelr2"
				{parameters "ID=trackright;"}
				{Matrix34
					1	0	0
					0	-1	0
					0	0	-1
					22.8313	-6.00582	0.00717136
				}
				{VolumeView "wheell1.ply"}
			}
			{bone revolute "wheelr5"
				{parameters "ID=trackright;"}
				{Matrix34
					1	0	0
					0	-1	0
					0	0	-1
					-14.6123	-6.00582	0.00716373
				}
				{VolumeView "wheell1.ply"}
			}
			{bone revolute "wheelr6"
				{parameters "ID=trackright;"}
				{Matrix34
					1	0	0
					0	-1	0
					0	0	-1
					-26.7969	-6.00582	0.00716373
				}
				{VolumeView "wheell1.ply"}
			}
			{bone revolute "wheelr7"
				{parameters "ID=trackright;"}
				{Matrix34
					1	0	0
					0	-1	0
					0	0	-1
					-39.0965	-6.00582	0.00716373
				}
				{VolumeView "wheell1.ply"}
			}
			{bone revolute "wheelr8"
				{parameters "ID=trackright;"}
				{Matrix34
					1	0	0
					0	-1	0
					0	0	-1
					-51.2399	-6.00582	0.00716373
				}
				{VolumeView "wheell1.ply"}
			}
		}
	}
}
{Volume "body1"
	{Polyhedron "body1.vol"}
	{Bone "body"}
	{Position 48.0189	-0.861366	-8.27888}
}
{Volume "body2"
	{Polyhedron "body2.vol"}
	{Bone "body"}
	{Position 10.0211	-0.861366	-1.35132}
}
{Volume "engine"
	{Polyhedron "engine.vol"}
	{Bone "engine"}
	{Position 0.0666512	-1.28153	-21.4854}
}
{Volume "gun"
	{Cylinder 2.3977 79.3689}
	{Bone "gun_rot1"}
	{Position 0.162425	-0.224624	39.879}
}
{Volume "inventory"
	{Box 19.0225 52.9437 20.198}
	{Bone "engine"}
	{Position 30.8441	-1.28153	-17.1876}
}
{Volume "part1"
	{Polyhedron "part1.vol"}
	{Bone "part1"}
	{Position -0.522217	3.80885	-3.27519}
}
{Volume "part2"
	{Cylinder 4.00197 36.4325}
	{Bone "part2"}
	{Matrix34
		0.99955	0.00112482	0.0299724
		-0.00112676	0.999999	4.75817e-005
		-0.0299723	-8.13423e-005	0.999551
		0.268796	-0.0842755	0.096717
	}
}
{Volume "trackleft"
	{Polyhedron "trackleft.vol"}
	{Bone "wheelsl"}
	{Matrix34
		0.999183	-0.0404184	0
		0	0	-1
		0.0404184	0.999183	0
		-7.08434	-9.78377	-0.595656
	}
}
{Volume "trackright"
	{Polyhedron "trackright.vol"}
	{Bone "wheelsr"}
	{Matrix34
		0.999955	-0.00944623	0
		0	0	-1
		0.00944623	0.999955	0
		-7.02102	-10.2313	0.691629
	}
}
