;Exported by: Vnab
;Date:        Fri Oct 03 11:38:30 2014
;File:        C:\Users\Vnab\Desktop\Моддинг\Модели нов\Rush for b 2\Окружение\grave_stone_plate03\grave_stone_plate03.max
{Skeleton
	{bone "basis"
		{Orientation
			1	0	0
			0	-1	0
			0	0	1
		}
		{bone "group001"
			{Matrix34
				0.995502	-0.0947426	0
				0.0346712	0.364305	-0.930634
				0.0881707	0.926448	0.365951
				-0.402979	0.685975	8.57602
			}
			{VolumeView "group001.ply"}
		}
	}
}
{Obstacle "body"
	{Obb2
		{Center -0.0759866 13.9103}
		{Extent 5.71125 1.1483}
		{Axis 1 0}
	}
	{Rotate}
	{Tags  "body"}
}
{Volume "body"
	{Box 11.4225 2.29659 17.1795}
	{Bone "group001"}
	{Matrix34
		0.995502	0.0346712	0.0881708
		-0.0947428	0.364305	0.926448
		0	-0.930634	0.365951
		1.70841	-5.31893	-13.4888
	}
}
{Volume "body_vol2"
	{Box 19.9145 34.6154 2.39316}
	{Bone "group001"}
	{Matrix34
		0.996088	0.0323365	0.0822334
		-0.0883628	0.36452	0.926994
		0	-0.930634	0.365951
		-0.0788245	8.26427	0.851395
	}
}
