;Exported by: Vnab
;Date:        Tue Oct 21 16:30:07 2014
;File:        C:\Users\Vnab\Desktop\Моддинг\Модели нов\Codename Panzers Cold War\Руины\ruins_norm_01_1et\ruins_norm_01_1et.max
{Skeleton
	{bone "basis"
		{Orientation
			1	0	0
			0	-1	0
			0	0	1
		}
		{bone "group001"
			{Matrix34
				0.999657	0.0261768	-9.1821e-005
				-0.0047704	0.178724	-0.983888
				-0.0257386	0.983551	0.178788
				-5.54555	-6.55038	14.0522
			}
			{VolumeView "group001.ply"}
		}
	}
}
{Obstacle "body"
	{Obb2
		{Center -27.7447 -3.83138}
		{Extent 85.0835 53.9038}
		{Axis 1 0}
	}
	{Rotate}
	{Tags  "body"}
}
{Obstacle "body_vol2"
	{Obb2
		{Center 81.1407 -27.0747}
		{Extent 22.9816 31.7631}
		{Axis 1 0}
	}
	{Rotate}
	{Tags  "body"}
}
{Obstacle "body_vol3"
	{Obb2
		{Center 66.6725 22.9121}
		{Extent 8.85186 17.7037}
		{Axis 1 0}
	}
	{Rotate}
	{Tags  "body"}
}
{Volume "body"
	{Box 170.167 107.808 62.3593}
	{Bone "group001"}
	{Matrix34
		0.999657	-0.00477057	-0.0257385
		0.0261768	0.178724	0.983551
		-9.20259e-005	-0.983888	0.178788
		-21.9203	-3.99615	11.8649
	}
}
{Volume "body_vol2"
	{Box 45.9631 63.5262 44.0947}
	{Bone "group001"}
	{Matrix34
		0.999657	-0.00477057	-0.0257385
		0.0261768	0.178724	0.983551
		-9.20259e-005	-0.983888	0.178788
		87.537	8.98199	30.2256
	}
}
{Volume "body_vol3"
	{Box 17.7037 35.4074 66.5871}
	{Bone "group001"}
	{Matrix34
		0.999657	-0.00477057	-0.0257385
		0.0261768	0.178724	0.983551
		-9.20259e-005	-0.983888	0.178788
		71.7643	-10.9477	-16.556
	}
}
