;Exported by: Vnab
;Date:        Thu Oct 23 12:35:27 2014
;File:        C:\Users\Vnab\Desktop\Моддинг\Модели нов\Rush for b 2\Здания\gate_castle_ger4\gate_castle_ger4.max
{Skeleton
	{bone "basis"
		{Orientation
			1	0	0
			0	-1	0
			0	0	1
		}
		{bone "group001"
			{Matrix34
				0.998586	-0.0531604	0
				0.0531604	0.998586	0
				0	0	1
				0.0953522	1.80181	71.6762
			}
			{VolumeView "group001.ply"}
		}
	}
}
{Obstacle "body"
	{Obb2
		{Center -71.4555 -2.1138}
		{Extent 31.2229 34.109}
		{Axis 1 0}
	}
	{Rotate}
	{Tags  "body"}
}
{Obstacle "body_vol2"
	{Obb2
		{Center 72.4164 -1.31176}
		{Extent 30.9605 33.8467}
		{Axis 1 0}
	}
	{Rotate}
	{Tags  "body"}
}
{Volume "body"
	{Box 62.4458 68.2181 133.288}
	{Bone "group001"}
	{Matrix34
		0.998586	0.0531604	0
		-0.0531604	0.998586	0
		0	0	1
		-71.4662	-3.49213	-5.03236
	}
}
{Volume "body_vol2"
	{Box 61.921 67.6933 131.713}
	{Bone "group001"}
	{Matrix34
		0.998586	0.0531604	0
		-0.0531604	0.998586	0
		0	0	1
		72.2449	3.35526	-5.8195
	}
}
{Volume "body_vol3"
	{Box 81.7749 68.4628 68.4627}
	{Bone "group001"}
	{Matrix34
		0.998586	0.0531604	0
		0	0	1
		0.0531604	-0.998586	0
		0.494388	-0.210762	24.715
	}
}
