;Exported by: vlss
;Date:        Sat May 11 18:57:54 2019
;File:        type_2_ka_mi.obj
{Skeleton
	{bone "basis"
		{Orientation
			1	0	0
			0	-1	0
			0	0	1
		}
		{bone "body"
			{parameters "ID=body;"}
			{animation
				{sequence "break" {file "body_r.anm"}}
			}
			{Matrix34
				0.999999	0	-0.001708
				-7.84437e-005	0.998945	-0.0459272
				0.0017062	0.0459272	0.998943
				1.18288	-0.130568	7.32019
			}
			{VolumeView "body.ply"}
			{bone revolute "turret"
				{parameters "ID=turret;"}
				{animation
					{sequence "break" {file "turret_r.anm"}}
				}
				{speed 0.01}
				{Matrix34
					0.954758	-0.295201	0.0359661
					0.294126	0.95522	0.0323334
					-0.0439004	-0.020292	0.99883
					-2.1427	5.44643	25.6416
				}
				{VolumeView "turret.ply"}
				{bone revolute "gun_rot"
					{parameters "ID=mantlet;"}
					{animation
						{sequence "break" {file "Gun_rot_r.anm"}}
					}
					{limits -15 15}
					{speed 0.01}
					{Matrix34
						0.98698	0.0246915	-0.158935
						-0.160101	0.0560826	-0.985506
						-0.0154201	0.998121	0.0593056
						12.7997	-0.722059	4.4274
					}
					{VolumeView "gun_rot.ply"}
					{bone "gun"
						{parameters "ID=gun;"}
						{animation
							{sequence "break" {file "gun_r.anm"} {speed 0.9}}
						}
						{Matrix34
							0.98801	0.122759	0.0936325
							-0.123107	0.260395	0.957622
							0.0931756	-0.957666	0.272385
							0.983924	-0.141354	-0.18073
						}
						{VolumeView "gun.ply"}
					}
					{bone "gun2"
						{Matrix34
							0	0	1
							-0.999999	-0.00141687	0
							0.00141691	-0.999999	0
							-5.67295	1.21308	0.529878
						}
						{VolumeView "gun2.ply"}
					}
					{bone "mg_01"
						{Matrix34
							0	0	1
							-0.999999	-0.00141687	0
							0.00141691	-0.999999	0
							-3.33352	0.88015	5.04022
						}
						{VolumeView "mg_01.ply"}
					}
				}
				{bone "fxfire3"
					{Matrix34
						0	0	1
						0	-1	0
						1	0	0
						-0.557447	1.13943	6.07782
					}
				}
				{bone "visor1"
					{Position 14.9646	-4.78584	4.47676}
				}
			}
			{bone "fxfire1"
				{Matrix34
					-0.00112486	0	0.999999
					0	-1	0
					0.999999	0	0.0011248
					-29.9282	1.03552	19.1106
				}
			}
			{bone "fxfire2"
				{Matrix34
					-0.00112486	0	0.999999
					0	-1	0
					0.999999	0	0.0011248
					24.4699	2.27206	19.5716
				}
			}
			{bone revolute "mgun_turret00"
				{limits -25 25}
				{speed 0.03}
				{Matrix34
					0.999999	0	0.00112475
					0	1	0
					-0.00112475	0	0.999999
					26.1099	8.73584	19.9598
				}
				{bone revolute "mgun_rot00"
					{limits -25 15}
					{speed 0.03}
					{Matrix34
						0.999999	0	-0.00112475
						-0.00112475	0	-0.999999
						0	1	0
						-0.0166187	0.0474339	0.0169315
					}
					{VolumeView "mgun_rot00.ply"}
					{bone "mg_02"
						{Matrix34
							0	0	1
							-1	0	0
							0	-1	0
							-1.69171	0.845005	0.163815
						}
					}
				}
			}
			{bone "engine"
				{parameters "ID=engine;"}
				{animation
					{sequence "break" {file "engine_r.anm"}}
				}
				{Matrix34
					0.970135	0.000794479	-0.242566
					-0.0200908	0.996822	-0.0770874
					0.241734	0.0796584	0.967067
					-37.8163	-1.60933e-005	24.4191
				}
				{VolumeView "engine.ply"}
			}
			{bone revolute "wheel_l_top_02"
				{Matrix34
					-1	0	0
					0	0	1
					0	1	0
					-10.2501	22.5966	5.19601
				}
				{VolumeView "wheel_l_top_02.ply"}
			}
			{bone revolute "wheel_l_top_01"
				{Matrix34
					-1	0	0
					0	0	1
					0	1	0
					19.0227	22.5966	6.59748
				}
				{VolumeView "wheel_l_top_01.ply"}
			}
			{bone revolute "wheel_l_drive"
				{Matrix34
					-1	0	0
					0	0	1
					0	1	0
					38.663	22.5867	5.08745
				}
				{VolumeView "wheel_l_drive.ply"}
			}
			{bone revolute "wheel_r_top_01"
				{Matrix34
					-1	0	0
					0	0	1
					0	1	0
					19.0227	-22.3292	6.59737
				}
				{VolumeView "wheel_r_top_01.ply"}
			}
			{bone revolute "wheel_r_drive"
				{Matrix34
					-1	0	0
					0	0	1
					0	1	0
					38.663	-22.3193	5.08734
				}
				{VolumeView "wheel_r_drive.ply"}
			}
			{bone revolute "wheel_r_top_02"
				{Matrix34
					-1	0	0
					0	0	1
					0	1	0
					-10.2501	-22.3292	5.19591
				}
				{VolumeView "wheel_r_top_02.ply"}
			}
			{bone "body_inside"
				{Matrix34
					0	1	0
					-1	0	0
					0	0	1
					-3.49938	0.133681	11.1769
				}
				{VolumeView "body_inside.ply"}
			}
		}
		{bone "wheelsr"
			{parameters "ID=trackright;"}
			{animation
				{sequence "repair" {file "trackR_r.anm"} {speed 0.8}}
			}
			{Matrix34
				1	0	0
				0	1	0
				0	0	1
				-0.623787	-25.4821	10.4033
			}
			{VolumeView "wheelsr.ply"}
			{bone "trackr"
				{parameters "ID=trackright;"}
				{Position 0.387773	-0.420933	0.31616}
				{VolumeView "trackr.ply"}
			}
			{bone revolute "wheel_r_04"
				{Matrix34
					-1	0	0
					0	0	1
					0	1	0
					-16.4107	3.50669	-4.00346
				}
				{VolumeView "wheel_r_04.ply"}
			}
			{bone revolute "wheel_r_03"
				{Matrix34
					-1	0	0
					0	0	1
					0	1	0
					-1.48803	3.50669	-4.00346
				}
				{VolumeView "wheel_r_03.ply"}
			}
			{bone revolute "wheel_r_01"
				{Matrix34
					-1	0	0
					0	0	1
					0	1	0
					27.5677	3.50669	-4.00346
				}
				{VolumeView "wheel_r_01.ply"}
			}
			{bone revolute "wheel_r_02"
				{Matrix34
					-1	0	0
					0	0	1
					0	1	0
					12.645	3.50668	-4.00346
				}
				{VolumeView "wheel_r_02.ply"}
			}
			{bone revolute "wheel_r_back"
				{Matrix34
					-1	0	0
					0	0	1
					0	1	0
					-32.113	3.36852	-3.48038
				}
				{VolumeView "wheel_r_back.ply"}
			}
		}
		{bone "wheelsl"
			{parameters "ID=trackleft;"}
			{animation
				{sequence "repair" {file "trackL_r.anm"} {speed 0.8}}
			}
			{Matrix34
				1	0	0
				0	1	0
				0	0	1
				-0.623788	25.6218	10.4033
			}
			{VolumeView "wheelsl.ply"}
			{bone "trackl"
				{parameters "ID=trackleft;"}
				{Position 0.403956	0.420931	0.316161}
				{VolumeView "trackl.ply"}
			}
			{bone revolute "wheel_l_01"
				{Matrix34
					-1	0	0
					0	0	1
					0	1	0
					27.5677	-3.22409	-4.00347
				}
				{VolumeView "wheel_l_01.ply"}
			}
			{bone revolute "wheel_l_02"
				{Matrix34
					-1	0	0
					0	0	1
					0	1	0
					12.645	-3.22409	-4.00347
				}
				{VolumeView "wheel_l_02.ply"}
			}
			{bone revolute "wheel_l_03"
				{Matrix34
					-1	0	0
					0	0	1
					0	1	0
					-1.48803	-3.22408	-4.00347
				}
				{VolumeView "wheel_l_03.ply"}
			}
			{bone revolute "wheel_l_04"
				{Matrix34
					-1	0	0
					0	0	1
					0	1	0
					-16.4107	-3.22408	-4.00347
				}
				{VolumeView "wheel_l_04.ply"}
			}
			{bone revolute "wheel_l_back"
				{Matrix34
					-1	0	0
					0	0	1
					0	1	0
					-32.113	-3.08591	-3.48039
				}
				{VolumeView "wheel_l_back.ply"}
			}
		}
	}
}
{Volume "body2"
	{Polyhedron "body2.vol"}
	{Bone "body"}
	{Position 0	0	0}
}
{Volume "body"
	{Polyhedron "body.vol"}
	{Bone "body"}
	{Position 0	0	0}
}
{Volume "crew"
	{Box 11.6162 21.6746 23.8981}
	{Bone "body"}
	{Matrix34
		0.999999	0	0.00112486
		0	1	0
		-0.00112486	0	0.999999
		7.02657	-0.237058	11.2918
	}
}
{Volume "engine"
	{Box 12.8365 22.2794 4.90958}
	{Bone "engine"}
	{Matrix34
		0.984808	0	0.173649
		0	1	0
		-0.173648	0	0.984808
		13.5038	-0.080859	-3.48246
	}
}
{Volume "gun"
	{Cylinder 0.813634 22.2383}
	{Bone "gun"}
	{Matrix34
		-0.00112519	0	-0.999999
		0	1	0
		0.999999	0	-0.00112529
		11.0797	0.651635	-0.0267373
	}
}
{Volume "inventory"
	{Polyhedron "inventory.vol"}
	{Bone "body"}
	{Matrix34
		0.999999	0	0.00112486
		0	1	0
		-0.00112486	0	0.999999
		-16.2153	-0.237067	2.58717
	}
}
{Volume "mantlet"
	{Box 1.42332 9.20113 6.89796}
	{Bone "gun_rot"}
	{Matrix34
		0.999999	0.00112494	0
		0	0	1
		0.00112504	-0.999999	0
		0.123099	0.523177	2.56718
	}
}
{Volume "trackleft"
	{Polyhedron "trackleft.vol"}
	{Bone "wheelsl"}
	{Matrix34
		1	0	0
		0	1	0
		0	0	1
		0.271449	-0.387234	-10.4033
	}
}
{Volume "trackright"
	{Polyhedron "trackright.vol"}
	{Bone "wheelsr"}
	{Matrix34
		1	0	0
		0	1	0
		0	0	1
		0.271449	0.971521	-10.4033
	}
}
{Volume "turret"
	{Polyhedron "turret.vol"}
	{Bone "turret"}
	{Position 0	0	0}
}
