;Exported by: Vnab
;Date:        Fri May 30 12:37:11 2014
;File:        C:\Users\Vnab\Desktop\mow re\Моддинг\МОДЕЛИ\Готовые\окружение\fountain_arab\fountain_arab.max
{Skeleton
	{bone "basis"
		{Orientation
			1	0	0
			0	-1	0
			0	0	1
		}
		{bone "group01"
			{Matrix34
				0.999363	0.0356765	0
				-0.0356363	0.998236	-0.0474918
				-0.00169457	0.0474616	0.998872
				0.0597	1.36849	20.5374
			}
			{VolumeView "group01.ply"}
		}
	}
}
{Obstacle "body"
	{Obb2
		{Center 0.13843 -0.693335}
		{Extent 29.2548 29.2548}
		{Axis 1 0}
	}
	{Rotate}
	{Tags  "body"}
}
{Obstacle "body_vol2"
	{Obb2
		{Center 0.952338 -1.50098}
		{Extent 29.8099 28.1545}
		{Axis 0.707388 0.706825}
	}
	{Rotate}
	{Tags  "body"}
}
{Obstacle "body_vol3"
	{Obb2
		{Center -0.109565 -0.97699}
		{Extent 9.47739 9.61574}
		{Axis 0.996199 0.0871117}
	}
	{Rotate}
	{Tags  "body"}
}
{Volume "body"
	{Box 58.5096 58.5096 10.8146}
	{Bone "group01"}
	{Matrix34
		0.999363	-0.0356365	-0.00169479
		0.0356767	0.998236	0.0474616
		0	-0.0474918	0.998872
		0.054598	0.0417838	-15.1452
	}
}
{Volume "body_vol2"
	{Box 56.014 59.3415 10.8146}
	{Bone "group01"}
	{Matrix34
		0.735	0.677302	0.0322029
		-0.678067	0.734171	0.0349064
		0	-0.047492	0.998872
		0.896805	0.818997	-15.1083
	}
}
{Volume "body_vol3"
	{Cylinder 9.61584 33.7255}
	{Bone "group01"}
	{Matrix34
		0.735	0.677302	0.0322029
		-0.678067	0.734171	0.0349064
		0	-0.047492	0.998872
		-0.183119	-0.210264	-3.68883
	}
}
