;Exported by: shevchenko
;Date:        Fri Mar 26 20:52:08 2004
;File:        D:\-Projects-\-3DWork-\sheva\Tower_metal_vic.max
{Skeleton
	{bone "tower"
		{Orientation
			1.0000	0.0000	0.0000
			0.0000	-1.0000	0.0000
			0.0000	0.0000	1.0000
		}
		{VolumeView "tower.ply"}
		{bone "attach1"
			{Matrix34
				-1.0000	0.0000	0.0000
				-0.0000	-1.0000	0.0000
				0.0000	0.0000	1.0000
				0.0760	0.4662	202.5593
			}
		}
		{bone "node_ladder_top"
			{Matrix34
				-0.0000	1.0000	0.0000
				-1.0000	-0.0000	0.0000
				0.0000	0.0000	1.0000
				0.3288	-45.3717	193.1658
			}
		}
		{bone "node_ladder_bottom"
			{Matrix34
				-0.0000	1.0000	0.0000
				-1.0000	-0.0000	0.0000
				0.0000	0.0000	1.0000
				0.1288	-45.1702	13.7795
			}
		}
		{bone "emit"
			{parameters "Group=gunner;"}
			{Matrix34
				-0.0000	1.0000	0.0000
				-1.0000	-0.0000	0.0000
				0.0000	0.0000	1.0000
				0.0871	-58.1118	0.0176
			}
			{visibility 0}
		}
		{bone "attach2"
			{Matrix34
				-1.0000	0.0000	0.0000
				-0.0000	-1.0000	0.0000
				0.0000	0.0000	1.0000
				-28.9365	2.2886	202.5593
			}
		}
		{bone "attach3"
			{Matrix34
				-0.4226	0.9063	0.0000
				-0.9063	-0.4226	0.0000
				0.0000	0.0000	1.0000
				-12.2600	24.9302	202.5593
			}
		}
		{bone "attach4"
			{Position 28.8131	0.3260	202.5593}
		}
		{bone "attach5"
			{Matrix34
				-0.5736	-0.8192	0.0000
				0.8192	-0.5736	0.0000
				0.0000	0.0000	1.0000
				-16.1800	-24.9066	202.5593
			}
		}
		{bone "attach6"
			{Matrix34
				0.7071	0.7071	0.0000
				-0.7071	0.7071	0.0000
				0.0000	0.0000	1.0000
				18.0192	22.1943	202.5593
			}
		}
		{bone "attach7"
			{Matrix34
				0.5736	-0.8192	0.0000
				0.8192	0.5736	0.0000
				0.0000	0.0000	1.0000
				14.6548	-26.7289	202.5593
			}
		}
	}
}
{Volume "place7"
	{Box 19.685 13.78 5.905}
	{Bone "tower"}
	{Matrix34
		-0.8192	-0.5736	0.0000
		0.5736	-0.8192	0.0000
		0.0000	0.0000	1.0000
		14.6244	-26.6072	206.3190
	}
}
{Volume "place6"
	{Box 19.685 13.78 5.905}
	{Bone "tower"}
	{Matrix34
		0.7071	-0.7071	0.0000
		0.7071	0.7071	0.0000
		0.0000	0.0000	1.0000
		18.1803	22.0593	206.3190
	}
}
{Volume "place5"
	{Box 19.685 13.78 5.905}
	{Bone "tower"}
	{Matrix34
		-0.8192	0.5736	0.0000
		-0.5736	-0.8192	0.0000
		0.0000	0.0000	1.0000
		-16.2154	-24.9250	206.3190
	}
}
{Volume "place4"
	{Box 19.685 13.78 5.905}
	{Bone "tower"}
	{Matrix34
		0.0000	-1.0000	0.0000
		1.0000	0.0000	0.0000
		0.0000	0.0000	1.0000
		28.7827	0.3076	206.3190
	}
}
{Volume "place3"
	{Box 19.685 13.78 5.905}
	{Bone "tower"}
	{Matrix34
		0.8660	0.5000	0.0000
		-0.5000	0.8660	0.0000
		0.0000	0.0000	1.0000
		-12.6470	24.1409	206.3190
	}
}
{Volume "place2"
	{Box 19.685 13.78 5.905}
	{Bone "tower"}
	{Matrix34
		-0.0000	1.0000	0.0000
		-1.0000	-0.0000	0.0000
		0.0000	0.0000	1.0000
		-29.0023	2.2347	206.3190
	}
}
{Volume "place1"
	{Box 19.685 19.685 5.905}
	{Bone "tower"}
	{Position 0.0408	0.4505	206.3190}
}
{Volume "top"
	{Cylinder 37.8221 0}
	{Bone "tower"}
	{Position 0.1906	-1.1450	199.4392}
}
{Volume "body1"
	{Cylinder 37.8221 77.6646}
	{Bone "tower"}
	{Position 0.1906	-1.1450	163.2946}
}
{Volume "body"
	{Cylinder 26.7483 201.673}
	{Bone "tower"}
	{Position 0.1906	-1.1450	99.6055}
}
