;Exported by: Vnab
;Date:        Wed Dec 10 11:46:54 2014
;File:        C:\Users\Vnab\Desktop\Моддинг\МОДЕЛИ Готовые\Конвертированные\model_trash\bus_norm_01_crush\bus_norm_01_crush.max
{Skeleton
	{bone "basis"
		{Orientation
			1	0	0
			0	-1	0
			0	0	1
		}
		{bone "group001"
			{Matrix34
				0.139061	0.989468	0.0401989
				-0.477429	0.102552	-0.872665
				-0.867597	0.102161	0.486661
				-1.01114	1.506	21.7918
			}
			{VolumeView "group001.ply"}
		}
	}
}
{Obstacle "body"
	{Obb2
		{Center -1.40702 49.8578}
		{Extent 10.7035 14.5908}
		{Axis 1 0}
	}
	{Rotate}
	{Tags  "body"}
}
{Obstacle "body_vol2"
	{Obb2
		{Center -1.02838 -17.2813}
		{Extent 19.8005 52.9132}
		{Axis 1 0}
	}
	{Rotate}
	{Tags  "body"}
}
{Obstacle "body_vol3"
	{Obb2
		{Center -2.08476 49.2888}
		{Extent 20.9592 9.02605}
		{Axis 1 0}
	}
	{Rotate}
	{Tags  "body"}
}
{Volume "body"
	{Box 28.9998 21.1571 21.5218}
	{Bone "group001"}
	{Matrix34
		0.990633	0.0984205	0.0946566
		-0.130501	0.478298	0.868447
		0.040199	-0.872665	0.486661
		-51.3213	4.54786	-10.2723
	}
}
{Volume "body_vol2"
	{Box 105.496 38.6904 45.9126}
	{Bone "group001"}
	{Matrix34
		0.990633	0.0984205	0.0946566
		-0.130501	0.478298	0.868447
		0.040199	-0.872665	0.486661
		15.6535	0.609816	2.19327
	}
}
{Volume "body_vol3"
	{Box 17.6917 41.767 13.3144}
	{Bone "group001"}
	{Matrix34
		0.990633	0.0984205	0.0946566
		-0.130501	0.478298	0.868447
		0.040199	-0.872665	0.486661
		-51.0175	8.51095	-11.6232
	}
}
