;Exported by: Vnab
;Date:        Thu May 28 15:13:58 2015
;File:        C:\Users\Vnab\Desktop\Моддинг\МОДЕЛИ Готовые\Конвертированные\entourage\0ent_vehicle\Air\wildcat_f4f\wildcat_f4f.max
{Skeleton
	{bone "basis"
		{Orientation
			1	0	0
			0	-1	0
			0	0	1
		}
		{bone "group001"
			{Matrix34
				-0.949342	0.31422	-0.00392974
				-0.294354	-0.89356	-0.338979
				-0.110026	-0.32065	0.940786
				9.0884	23.3201	32.6409
			}
			{VolumeView "group001.ply"}
		}
	}
}
{Obstacle "body"
	{Obb2
		{Center -2.3946 -24.0612}
		{Extent 72.2017 13.5841}
		{Axis 0.0356776 0.999363}
	}
	{Rotate}
	{Tags  "body"}
}
{Obstacle "body_vol2"
	{Obb2
		{Center 0.718842 1.42327}
		{Extent 108.089 14.0876}
		{Axis 1 0}
	}
	{Rotate}
	{Tags  "body"}
}
{Obstacle "body_vol3"
	{Obb2
		{Center -0.531246 17.6402}
		{Extent 21.3387 5.15488}
		{Axis 1 0}
	}
	{Rotate}
	{Tags  "body"}
}
{Obstacle "body_vol4"
	{Obb2
		{Center -0.230559 -99.2805}
		{Extent 1.92142 10.5524}
		{Axis 1 0}
	}
	{Rotate}
	{Tags  "body"}
}
{Obstacle "body_vol5"
	{Obb2
		{Center 0.880898 -95.7825}
		{Extent 37.6752 8.15145}
		{Axis 1 0}
	}
	{Rotate}
	{Tags  "body"}
}
{Obstacle "body_vol6"
	{Obb2
		{Center 0.199223 -83.6177}
		{Extent 0.879126 2.07793}
		{Axis 1 0}
	}
	{Rotate}
	{Tags  "body"}
}
{Volume "body"
	{Polyhedron "body.vol"}
	{Bone "group001"}
	{Matrix34
		-0.949342	-0.294353	-0.110026
		0.0333681	-0.442573	0.896112
		-0.312468	0.847045	0.429975
		-13.3956	65.2393	22.5461
	}
}
{Volume "body_vol2"
	{Box 5.68889 0.738461 0.0957265}
	{Bone "group001"}
	{Matrix34
		-36.075	-11.1854	-4.18098
		11.6815	-30.2963	-19.7402
		2.47724	-20.0255	32.2001
		0.186864	25.9653	4.99151
	}
}
{Volume "body_vol3"
	{Box 10.3097 11.5085 42.6775}
	{Bone "group001"}
	{Matrix34
		-0.314219	0.89356	0.32065
		-0.00392952	-0.338979	0.940786
		0.949342	0.294353	0.110026
		-3.63265	48.5357	-11.0735
	}
}
{Volume "body_vol4"
	{Box 16.5016 24.8654 3.84283}
	{Bone "group001"}
	{Matrix34
		-0.308758	0.808594	0.500844
		0.0584592	-0.509444	0.858516
		0.949342	0.294353	0.110026
		32.7192	-64.7822	-24.3026
	}
}
{Volume "body_vol5"
	{Box 1.98291 0.430769 0.0410256}
	{Bone "group001"}
	{Matrix34
		-36.075	-11.1854	-4.18098
		11.6708	-30.2108	-19.8771
		2.52696	-20.1543	32.1157
		30.6072	-58.3404	-33.4147
	}
}
{Volume "body_vol6"
	{Box 4.15585 7.67235 1.75825}
	{Bone "group001"}
	{Matrix34
		-0.314219	0.89356	0.32065
		-0.00392952	-0.338979	0.940786
		0.949342	0.294353	0.110026
		27.4993	-41.4589	-45.5663
	}
}
