;Exported by: Vnab
;Date:        Thu Dec 11 11:29:22 2014
;File:        C:\Users\Vnab\Desktop\Моддинг\МОДЕЛИ Готовые\Конвертированные\Ruins\ruins_4_4et_ugol\ruins_4_4et_ugol.max
{Skeleton
	{bone "basis"
		{Orientation
			1	0	0
			0	-1	0
			0	0	1
		}
		{bone "group01"
			{Matrix34
				0.999902	0.000929482	0.0139509
				-0.000629391	0.999769	-0.0214997
				-0.0139676	0.0214888	0.999672
				-12.5779	13.3377	83.6296
			}
			{VolumeView "group01.ply"}
		}
	}
}
{Obstacle "body"
	{Obb2
		{Center 25.2698 -26.681}
		{Extent 55.0678 80.5193}
		{Axis 1 0}
	}
	{Rotate}
	{Tags  "body"}
}
{Obstacle "body_vol2"
	{Obb2
		{Center -26.3266 23.1719}
		{Extent 80.1681 55.6269}
		{Axis 1 0}
	}
	{Rotate}
	{Tags  "body"}
}
{Volume "body"
	{Box 110.136 161.039 104.583}
	{Bone "group01"}
	{Matrix34
		0.999902	-0.000629365	-0.0139676
		0.000929455	0.999769	0.0214888
		0.0139509	-0.0214997	0.999671
		37.3987	14.0218	-33.0437
	}
}
{Volume "body_vol2"
	{Box 160.336 111.254 104.055}
	{Bone "group01"}
	{Matrix34
		0.999902	-0.000629365	-0.0139676
		0.000929455	0.999769	0.0214888
		0.0139509	-0.0214997	0.999671
		-14.2427	-35.7814	-33.658
	}
}
