;Exported by: Vnab
;Date:        Wed Jul 22 16:45:41 2015
;File:        C:\Users\Vnab\Desktop\Моддинг\МОДЕЛИ Готовые\Конвертированные\Social\sclad_warehouse05\sclad_warehouse05.max
{Skeleton
	{bone "basis"
		{Orientation
			1	0	0
			0	-1	0
			0	0	1
		}
		{bone "group001"
			{Matrix34
				0.999548	0.0261741	-0.0147819
				-0.026177	0.999657	0
				0.0147768	0.000386945	0.999891
				-5.02745	-1.68423	35.666
			}
			{VolumeView "group001.ply"}
		}
	}
}
{Obstacle "body"
	{Obb2
		{Center -0.425768 1.86224}
		{Extent 62.0856 99.7588}
		{Axis 1 0}
	}
	{Rotate}
	{Tags  "body"}
}
{Obstacle "body_vol2"
	{Obb2
		{Center -18.5774 108.202}
		{Extent 15.7734 2.15423}
		{Axis 0.866158 0.49977}
	}
	{Rotate}
	{Tags  "body"}
}
{Obstacle "body_vol3"
	{Obb2
		{Center -65.2997 36.769}
		{Extent 5.72635 16.1242}
		{Axis 1 0}
	}
	{Rotate}
	{Tags  "body"}
}
{Obstacle "body_vol4"
	{Obb2
		{Center -0.602497 0.602837}
		{Extent 35.5636 116.938}
		{Axis 1 0}
	}
	{Rotate}
	{Tags  "body"}
}
{Obstacle "body_vol5"
	{Obb2
		{Center 20.6997 -107.196}
		{Extent 15.076 2.60161}
		{Axis 0.848198 0.529679}
	}
	{Rotate}
	{Tags  "body"}
}
{Volume "body"
	{Box 124.171 199.518 59.0717}
	{Bone "group001"}
	{Matrix34
		0.999548	-0.0261768	0.0147767
		0.0261739	0.999657	0.000386945
		-0.0147817	0	0.999891
		4.70741	-0.298404	-7.53972
	}
}
{Volume "body_vol2"
	{Box 31.5406 4.26224 46.4585}
	{Bone "group001"}
	{Matrix34
		0.85345	-0.521022	0.0126168
		0.520965	0.853543	0.0077017
		-0.0147817	0	0.999891
		-16.1261	-106.127	-14.155
	}
}
{Volume "body_vol3"
	{Box 11.4527 32.2483 47.0162}
	{Bone "group001"}
	{Matrix34
		0.999548	-0.0261768	0.0147767
		0.0261739	0.999657	0.000386945
		-0.0147817	0	0.999891
		-60.9617	-33.495	-14.5389
	}
}
{Volume "body_vol4"
	{Box 71.1271 233.876 6.6305}
	{Bone "group001"}
	{Matrix34
		0.999548	-0.0261768	0.0147767
		0.0261739	0.999657	0.000386945
		-0.0147817	0	0.999891
		4.95132	0.965188	-33.7596
	}
}
{Volume "body_vol5"
	{Box 30.1386 5.12356 41.5913}
	{Bone "group001"}
	{Matrix34
		0.835406	-0.549494	0.0123503
		0.549434	0.835498	0.00812257
		-0.0147819	0	0.999891
		28.7253	108.169	-10.3979
	}
}
