;Exported by: Vnab
;Date:        Thu Oct 23 14:58:30 2014
;File:        C:\Users\Vnab\Desktop\Моддинг\Модели нов\Rush for b 2\Здания\sclad_warehouse03_2boxes\sclad_warehouse03_2boxes.max
{Skeleton
	{bone "basis"
		{Orientation
			1	0	0
			0	-1	0
			0	0	1
		}
		{bone "group001"
			{Matrix34
				0.999966	0.00797031	0.00200128
				-0.00797543	0.999965	0.00254518
				-0.00198093	-0.00256106	0.999995
				-3.09845	0.300278	52.0862
			}
			{VolumeView "group001.ply"}
		}
	}
}
{Obstacle "body"
	{Obb2
		{Center -7.82181 -0.596235}
		{Extent 123.761 53.6752}
		{Axis 1 0}
	}
	{Rotate}
	{Tags  "body"}
}
{Obstacle "body_vol2"
	{Obb2
		{Center 119.833 0.0353723}
		{Extent 4.9558 9.91158}
		{Axis 1 0}
	}
	{Rotate}
	{Tags  "body"}
}
{Volume "body"
	{Box 247.521 107.35 79.3162}
	{Bone "group001"}
	{Matrix34
		0.999966	-0.00797546	-0.0019808
		0.00797047	0.999965	-0.00256108
		0.00200116	0.00254521	0.999995
		-4.748	0.299085	-13.5579
	}
}
{Volume "body_vol2"
	{Box 9.91158 19.8232 105.885}
	{Bone "group001"}
	{Matrix34
		0.999966	-0.00797546	-0.0019808
		0.00797047	0.999965	-0.00256108
		0.00200116	0.00254521	0.999995
		122.924	-1.31679	-0.524994
	}
}
