;Exported by: Vnab
;Date:        Thu Oct 30 15:46:41 2014
;File:        C:\Users\Vnab\Desktop\Моддинг\Модели нов\Officers\Техника\car_eu_coupe_green\car_eu_coupe_green.max
{Skeleton
	{bone "basis"
		{Orientation
			1	0	0
			0	-1	0
			0	0	1
		}
		{bone "group001"
			{Matrix34
				1	0	0
				0	0.997296	-0.0734835
				0	0.0734835	0.997296
				-0.274639	-5.77033	15.6341
			}
			{VolumeView "group001.ply"}
		}
	}
}
{Obstacle "body"
	{Obb2
		{Center 0.194958 -5.9251}
		{Extent 12.6944 20.8343}
		{Axis 1 0}
	}
	{Rotate}
	{Tags  "body"}
}
{Obstacle "body_vol2"
	{Obb2
		{Center -0.56358 28.0645}
		{Extent 8.52752 12.8882}
		{Axis 1 0}
	}
	{Rotate}
	{Tags  "body"}
}
{Obstacle "body_vol3"
	{Obb2
		{Center -0.425152 36.0315}
		{Extent 15.3592 8.04301}
		{Axis 1 0}
	}
	{Rotate}
	{Tags  "body"}
}
{Volume "body"
	{Box 25.3888 41.6686 31.0092}
	{Bone "group001"}
	{Matrix34
		1	0	0
		0	0.997297	0.0734837
		0	-0.0734837	0.997297
		0.469597	11.6733	0.73025
	}
}
{Volume "body_vol2"
	{Box 17.055 25.7764 22.6755}
	{Bone "group001"}
	{Matrix34
		1	0	0
		0	0.997297	0.0734837
		0	-0.0734837	0.997297
		-0.28894	-21.9182	-5.92303
	}
}
{Volume "body_vol3"
	{Box 30.7185 16.086 14.1479}
	{Bone "group001"}
	{Matrix34
		1	0	0
		0	0.997297	0.0734837
		0	-0.0734837	0.997297
		-0.150513	-29.5503	-10.7607
	}
}
