;Exported by: Thomas
;Date:        Sun Oct 30 12:18:51 2016
;File:        C:\Users\Thomas\Desktop\Thomas\MOW\Men of War Max\Vehicles\LVT-2\LVT2 novo2.max
{Skeleton
	{animation
		{sequence "start" {speed 0.6}}
		{sequence "stop" {speed 0.6}}
	}
	{bone "basis"
		{parameters "Wheelradius=0.40;"}
		{Orientation
			1	0	0
			0	-1	0
			0	0	1
		}
		{bone "wheelsl"
			{parameters "ID=trackleft;"}
			{Position 1.2802	27.7528	8.74651}
			{VolumeView "wheelsl.ply"}
			{bone revolute "wheell2"
				{parameters "ID=trackleft;"}
				{Matrix34
					1	0	0
					0	0	-1
					0	1	0
					43.9198	0.160149	0.623297
				}
				{VolumeView "wheell2.ply"}
			}
			{bone revolute "wheell3"
				{parameters "ID=trackleft;"}
				{Matrix34
					1	0	0
					0	0	-1
					0	1	0
					35.4968	0.129744	-2.95188
				}
				{VolumeView "wheell3.ply"}
			}
			{bone revolute "wheell4"
				{parameters "ID=trackleft;"}
				{Matrix34
					1	0	0
					0	0	-1
					0	1	0
					24.2848	0.0928345	-3.84667
				}
				{VolumeView "wheell4.ply"}
			}
			{bone revolute "wheell5"
				{parameters "ID=trackleft;"}
				{Matrix34
					1	0	0
					0	0	-1
					0	1	0
					14.3649	0.0608997	-3.84746
				}
				{VolumeView "wheell5.ply"}
			}
			{bone revolute "wheell6"
				{parameters "ID=trackleft;"}
				{Matrix34
					1	0	0
					0	0	-1
					0	1	0
					6.01073	0.0314617	-3.8482
				}
				{VolumeView "wheell6.ply"}
			}
			{bone revolute "wheell7"
				{parameters "ID=trackleft;"}
				{Matrix34
					1	0	0
					0	0	-1
					0	1	0
					-3.27594	0.000946045	-3.84896
				}
				{VolumeView "wheell7.ply"}
			}
			{bone revolute "wheell8"
				{parameters "ID=trackleft;"}
				{Matrix34
					1	0	0
					0	0	-1
					0	1	0
					-11.8672	-0.0275879	-3.84967
				}
				{VolumeView "wheell8.ply"}
			}
			{bone revolute "wheell9"
				{parameters "ID=trackleft;"}
				{Matrix34
					1	0	0
					0	0	-1
					0	1	0
					-20.9137	-0.0575867	-3.85041
				}
				{VolumeView "wheell9.ply"}
			}
			{bone revolute "wheell10"
				{parameters "ID=trackleft;"}
				{Matrix34
					1	0	0
					0	0	-1
					0	1	0
					-30.1175	-0.087698	-3.60977
				}
				{VolumeView "wheell10.ply"}
			}
			{bone revolute "wheell11"
				{parameters "ID=trackleft;"}
				{Matrix34
					1	0	0
					0	0	-1
					0	1	0
					-39.0844	-0.115633	-1.67156
				}
				{VolumeView "wheell11.ply"}
			}
			{bone revolute "wheell12"
				{parameters "ID=trackleft;"}
				{Matrix34
					1	0	0
					0	0	-1
					0	1	0
					-46.9231	-0.138649	1.23623
				}
				{VolumeView "wheell12.ply"}
			}
			{bone "trackl"
				{parameters "ID=trackleft;"}
				{Position -1.99156	-0.185148	10.432}
				{VolumeView "trackl.ply"}
			}
			{bone "fxtracel1"
				{Position 30.374	0.264414	-8.74651}
			}
			{bone "fxtracel2"
				{Position -26.0549	0.264414	-8.74651}
			}
		}
		{bone "wheelsr"
			{parameters "ID=trackright;"}
			{Position 1.23524	-26.1122	8.79357}
			{VolumeView "wheelsr.ply"}
			{bone revolute "wheelr12"
				{parameters "ID=trackright;"}
				{Matrix34
					1	0	0
					0	0	-1
					0	1	0
					-46.736	-0.884016	1.23621
				}
				{VolumeView "wheelr12.ply"}
			}
			{bone revolute "wheelr11"
				{parameters "ID=trackright;"}
				{Matrix34
					1	0	0
					0	0	-1
					0	1	0
					-38.9733	-0.863184	-1.67158
				}
				{VolumeView "wheelr11.ply"}
			}
			{bone revolute "wheelr10"
				{parameters "ID=trackright;"}
				{Matrix34
					1	0	0
					0	0	-1
					0	1	0
					-29.9947	-0.837713	-3.60979
				}
				{VolumeView "wheelr10.ply"}
			}
			{bone revolute "wheelr9"
				{parameters "ID=trackright;"}
				{Matrix34
					1	0	0
					0	0	-1
					0	1	0
					-20.8328	-0.810097	-3.85043
				}
				{VolumeView "wheelr9.ply"}
			}
			{bone revolute "wheelr8"
				{parameters "ID=trackright;"}
				{Matrix34
					1	0	0
					0	0	-1
					0	1	0
					-11.7977	-0.7826	-3.84967
				}
				{VolumeView "wheelr8.ply"}
			}
			{bone revolute "wheelr7"
				{parameters "ID=trackright;"}
				{Matrix34
					1	0	0
					0	0	-1
					0	1	0
					-3.1783	-0.756395	-3.84896
				}
				{VolumeView "wheelr7.ply"}
			}
			{bone revolute "wheelr6"
				{parameters "ID=trackright;"}
				{Matrix34
					1	0	0
					0	0	-1
					0	1	0
					6.03806	-0.728392	-3.8482
				}
				{VolumeView "wheelr6.ply"}
			}
			{bone revolute "wheelr5"
				{parameters "ID=trackright;"}
				{Matrix34
					1	0	0
					0	0	-1
					0	1	0
					14.9323	-0.701355	-3.84746
				}
				{VolumeView "wheelr5.ply"}
			}
			{bone revolute "wheelr4"
				{parameters "ID=trackright;"}
				{Matrix34
					1	0	0
					0	0	-1
					0	1	0
					24.5779	-0.672009	-3.84668
				}
				{VolumeView "wheelr4.ply"}
			}
			{bone revolute "wheelr3"
				{parameters "ID=trackright;"}
				{Matrix34
					1	0	0
					0	0	-1
					0	1	0
					35.4796	-0.638031	-2.9519
				}
				{VolumeView "wheelr3.ply"}
			}
			{bone revolute "wheelr2"
				{parameters "ID=trackright;"}
				{Matrix34
					1	0	0
					0	0	-1
					0	1	0
					43.6694	-0.609749	0.623288
				}
				{VolumeView "wheelr2.ply"}
			}
			{bone "trackr"
				{parameters "ID=trackright;"}
				{Position -1.99131	0.173613	10.4317}
				{VolumeView "trackr.ply"}
			}
			{bone "fxtracer1"
				{Position 30.4189	-1.00755	-8.79357}
			}
			{bone "fxtracer2"
				{Position -26.01	-1.00755	-8.79357}
			}
		}
		{bone "emit2"
			{Matrix34
				0	1	0
				-1	0	0
				0	0	1
				21.0846	-50.1753	0
			}
		}
		{bone "emit1"
			{Matrix34
				0	-1	0
				1	0	0
				0	0	1
				21.0846	49.3364	0
			}
		}
		{bone "emit4"
			{Matrix34
				0	1	0
				-1	0	0
				0	0	1
				0.0985012	-50.1753	0
			}
		}
		{bone "emit3"
			{Matrix34
				0	-1	0
				1	0	0
				0	0	1
				0.0985012	49.3364	0
			}
		}
		{bone "emit5"
			{Matrix34
				0	-1	0
				1	0	0
				0	0	1
				-21.9443	49.3364	0
			}
		}
		{bone "emit6"
			{Matrix34
				0	1	0
				-1	0	0
				0	0	1
				-21.9443	-50.1753	0
			}
		}
		{bone "body"
			{parameters "ID=body;"}
			{Position -0.580702	0.763493	34.4414}
			{VolumeView "body.ply"}
			{bone "part3"
				{parameters "ID=body;"}
				{Position 38.3007	-10.215	7.98908}
				{VolumeView "part3.ply"}
			}
			{bone "part2"
				{parameters "ID=body;"}
				{Position 39.8725	10.5586	7.96085}
				{VolumeView "part2.ply"}
			}
			{bone "detail3"
				{Position 1.7295	0.240845	-6.66886}
			}
			{bone "part1"
				{parameters "ID=body;"}
				{Position 49.9013	9.94522	10.3821}
				{VolumeView "part1.ply"}
			}
			{bone "detail1"
				{Position 1.7295	0.240845	-6.66886}
			}
			{bone "detail2"
				{Position 1.7295	0.240845	-6.66886}
			}
			{bone "engine"
				{parameters "ID=body;"}
				{Position -58.8179	3.05176e-005	5.17489}
				{VolumeView "engine.ply"}
			}
			{bone revolute "turret_mgun2"
				{parameters "ID=body;"}
				{limits -75 75}
				{Matrix34
					0.00499231	-0.999978	-0.00433293
					0.999945	0.00495092	0.00930953
					-0.00952462	-0.00449447	0.999945
					-1.38583	-20.8994	8.37133
				}
				{VolumeView "turret_mgun2.ply"}
				{bone "gunner2"
					{Matrix34
						0.999701	-0.00576887	0.0236578
						0.00549399	0.999808	0.0190302
						-0.0237632	-0.0183388	0.999548
						-12.3519	-0.215082	-27.4344
					}
					{bone "visor3"
						{Matrix34
							1	0	0
							0	0	1
							0	-1	0
							8.66227	1.22332	45.9432
						}
					}
				}
				{bone revolute "mgun_rot2"
					{limits -20 10}
					{speed 0.03}
					{Matrix34
						0.999979	-0.00497853	-0.0043373
						0.00463636	0.0280363	0.999602
						-0.00513274	-0.999578	0.0283571
						-4.67715	0.00706828	0.145752
					}
					{bone "foresight5"
						{Matrix34
							0.999601	0.0279593	0.0015712
							-0.0281538	0.998504	0.0464941
							-0.000141368	-0.0473766	0.998902
							23.8851	0.208134	0.00516939
						}
					}
				}
			}
			{bone revolute "turret_mgun1"
				{parameters "ID=body;"}
				{limits -75 75}
				{Matrix34
					0.00498663	0.999978	0.00430298
					-0.999945	0.00496502	0.00929257
					0.00953011	-0.00450295	0.999944
					-1.4335	20.8789	8.3158
				}
				{VolumeView "turret_mgun1.ply"}
				{bone "gunner1"
					{Matrix34
						0.999685	0.00562041	-0.0243013
						-0.00532977	0.99981	0.0189926
						0.0244036	-0.0183025	0.999534
						-12.9887	0.238304	-27.2172
					}
					{bone "visor2"
						{Matrix34
							1	0	-6.69993e-005
							0	1	-0.000216752
							6.69956e-005	0.000210375	1
							8.1693	0.678005	46.1508
						}
					}
				}
				{bone revolute "mgun_rot1"
					{limits -20 10}
					{speed 0.03}
					{Matrix34
						0.999979	0.00497072	0.00439011
						-0.00464811	0.0280303	0.999603
						0.00514314	-0.999577	0.0283743
						-3.81349	0.0302539	0.418121
					}
					{bone "foresight4"
						{Matrix34
							0.999579	-0.028726	-0.00146131
							1.90273e-005	0.0471381	-0.998916
							0.0288729	0.998494	0.046243
							20.8376	-0.182056	-0.00457466
						}
					}
				}
			}
			{bone revolute "wheelr1"
				{parameters "ID=trackright;"}
				{Matrix34
					1	0	0
					0	0	-1
					0	1	0
					63.348	-24.7683	-8.45209
				}
				{VolumeView "wheelr1.ply"}
			}
			{bone revolute "wheell1"
				{parameters "ID=trackleft;"}
				{Matrix34
					1	0	0
					0	0	-1
					0	1	0
					63.4073	25.2669	-8.49876
				}
				{VolumeView "wheell1.ply"}
			}
			{bone revolute "wheell13"
				{parameters "ID=trackleft;"}
				{Matrix34
					1	0	0
					0	0	-1
					0	1	0
					-63.5628	26.5676	-3.53109
				}
				{VolumeView "wheell13.ply"}
			}
			{bone revolute "wheelr13"
				{parameters "ID=trackright;"}
				{Matrix34
					1	0	0
					0	0	-1
					0	1	0
					-64.0292	-27.5928	-3.48446
				}
				{VolumeView "wheelr13.ply"}
			}
			{bone "driver"
				{Position 43.0046	10.0888	-16.8466}
				{bone "visor1"
					{Matrix34
						1	0.000468832	-0.000497929
						-0.000416088	1	-0.000204615
						0.000514312	0.000223002	1
						-89.5354	-9.30294	47.9503
					}
				}
			}
			{bone "commander"
				{Position 43.2031	-9.4562	-16.8466}
			}
			{bone "fxsmoke1"
				{Matrix34
					-0.642788	0	0.766044
					0	-1	0
					0.766044	0	0.642788
					-74.3535	9.81249	-0.969563
				}
			}
			{bone "fxsmoke2"
				{Matrix34
					-0.642788	0	0.766044
					0	-1	0
					0.766044	0	0.642788
					-74.3535	-10.0682	-0.969563
				}
			}
			{bone "fxfire1"
				{Position -54.4289	-0.277724	1.8848}
			}
			{bone "seat02"
				{Matrix34
					0.999599	-0.000629371	0.0283123
					0.00100295	0.999814	-0.0192708
					-0.027976	0.0191789	0.999425
					19.8691	-12.6305	-18.9535
				}
			}
			{bone "seat03"
				{Matrix34
					0.999599	-0.000629371	0.0283123
					0.00100295	0.999814	-0.0192708
					-0.027976	0.0191789	0.999425
					-25.7061	-12.6305	-18.9535
				}
			}
			{bone "seat01"
				{Matrix34
					0.999601	0.000450977	-0.0282584
					-0.000866508	0.999801	-0.0199465
					0.0279479	0.0198119	0.999413
					19.3497	11.5822	-18.9535
				}
			}
			{bone "seat04"
				{Matrix34
					0.999601	0.000450977	-0.0282584
					-0.000866508	0.999801	-0.0199465
					0.0279479	0.0198119	0.999413
					-26.2255	11.5822	-18.9535
				}
			}
			{bone "seat05"
				{Matrix34
					0.999599	-0.000629371	0.0283123
					0.00100295	0.999814	-0.0192708
					-0.027976	0.0191789	0.999425
					-11.1371	-12.6305	-18.9535
				}
			}
			{bone "seat06"
				{Matrix34
					0.999601	0.000450977	-0.0282584
					-0.000866508	0.999801	-0.0199465
					0.0279479	0.0198119	0.999413
					-11.6565	11.5822	-18.9535
				}
			}
			{bone "seat07"
				{Matrix34
					0.999599	-0.000629371	0.0283123
					0.00100295	0.999814	-0.0192708
					-0.027976	0.0191789	0.999425
					4.44023	-12.6305	-18.9535
				}
			}
			{bone "seat08"
				{Matrix34
					0.999601	0.000450977	-0.0282584
					-0.000866508	0.999801	-0.0199465
					0.0279479	0.0198119	0.999413
					3.92085	11.5822	-18.9535
				}
			}
		}
	}
}
{Volume "body"
	{Polyhedron "body.vol"}
	{Bone "body"}
}
{Volume "engine"
	{Polyhedron "engine.vol"}
	{Bone "engine"}
	{Position -4.98795	2.17369	-10.757}
}
{Volume "inventory"
	{Polyhedron "inventory.vol"}
	{Bone "body"}
	{Position 65.0172	-0.763493	-15.1146}
}
{Volume "part1"
	{Polyhedron "part1.vol"}
	{Bone "part1"}
	{Position 0	0	0}
}
{Volume "part2"
	{Polyhedron "part2.vol"}
	{Bone "part2"}
	{Position 0	0	0}
}
{Volume "part3"
	{Polyhedron "part3.vol"}
	{Bone "part3"}
}
{Volume "ram"
	{Polyhedron "ram.vol"}
	{Bone "body"}
}
{Volume "trackleft"
	{Polyhedron "trackleft.vol"}
	{Bone "wheelsl"}
	{Position -1.58869	0.628044	11.206}
}
{Volume "trackright"
	{Polyhedron "trackright.vol"}
	{Bone "wheelsr"}
	{Position -1.54373	-0.555292	11.1589}
}
