;Exported by: Vnab
;Date:        Mon Jun 09 15:54:31 2014
;File:        C:\Users\Vnab\Desktop\mow re\Моддинг\МОДЕЛИ\Готовые\Конвертированные\entourage\0ent_vehicle\Air\avenger_tbf\avenger_tbf.max
{Skeleton
	{bone "basis"
		{Orientation
			1	0	0
			0	-1	0
			0	0	1
		}
		{bone "group01"
			{Matrix34
				0.999893	-0.0136893	0.00508974
				0.0144765	0.975078	-0.221389
				-0.00193222	0.221439	0.975172
				-2.82853	32.0644	28.6998
			}
			{VolumeView "group01.ply"}
		}
	}
}
{Obstacle "body"
	{Obb2
		{Center -2.10014 -28.532}
		{Extent 15.2729 87.5021}
		{Axis 1 0}
	}
	{Rotate}
	{Tags  "body"}
}
{Obstacle "body_vol2"
	{Obb2
		{Center -2.77744 18.4408}
		{Extent 36.4529 5.36028}
		{Axis 1 0}
	}
	{Rotate}
	{Tags  "body"}
}
{Obstacle "body_vol3"
	{Obb2
		{Center -2.06242 -3.1449}
		{Extent 103.226 13.5378}
		{Axis 1 0}
	}
	{Rotate}
	{Tags  "body"}
}
{Obstacle "body_vol4"
	{Obb2
		{Center -1.82913 -105.914}
		{Extent 43.9978 7.45875}
		{Axis 1 0}
	}
	{Rotate}
	{Tags  "body"}
}
{Volume "body"
	{Cylinder 15.2729 172.436}
	{Bone "group01"}
	{Matrix34
		0.999893	0.0144765	-0.00193222
		0.0023711	-0.0303614	0.999536
		0.0144112	-0.999435	-0.0303925
		0.789286	-3.98312	1.63635
	}
}
{Volume "body_vol2"
	{Box 72.8205 10.0855 14.0213}
	{Bone "group01"}
	{Matrix34
		0.999736	0.022985	0
		-0.0224145	0.974915	0.221448
		0.00508952	-0.221389	0.975172
		0.632574	-44.4664	-32.236
	}
}
{Volume "body_vol3"
	{Box 206.451 27.0755 5.8019}
	{Bone "group01"}
	{Matrix34
		0.999893	0.0144765	-0.00193222
		-0.0136893	0.975078	0.221439
		0.00508974	-0.221389	0.975172
		1.15516	-27.8943	-7.69733
	}
}
{Volume "body_vol4"
	{Box 87.9955 14.9883 1.93397}
	{Bone "group01"}
	{Matrix34
		0.999893	0.0144765	-0.00193222
		-0.0145723	0.997726	-0.0658048
		0.000975196	0.0658261	0.997831
		-0.0810883	75.0432	3.0518
	}
}
