;Exported by: Vnab
;Date:        Thu Nov 13 15:28:12 2014
;File:        C:\Users\Vnab\Desktop\Моддинг\Модели нов\Codename Panzers Cold War\Техника\car_firetruck_civil\car_firetruck_civil.max
{Skeleton
	{bone "basis"
		{Orientation
			1	0	0
			0	-1	0
			0	0	1
		}
		{bone "group001"
			{Matrix34
				0	1	0
				-0.173648	0	-0.984808
				-0.984808	0	0.173648
				0.0157586	-1.82092	24.5855
			}
			{VolumeView "group001.ply"}
		}
	}
}
{Obstacle "body"
	{Obb2
		{Center -2.08954 1.78793}
		{Extent 47.366 18.146}
		{Axis 0.0182396 0.999834}
	}
	{Rotate}
	{Tags  "body"}
}
{Obstacle "body_vol2"
	{Obb2
		{Center -2.77634 -19.4424}
		{Extent 24.4605 12.4049}
		{Axis 0.0182396 0.999834}
	}
	{Rotate}
	{Tags  "body"}
}
{Obstacle "body_vol3"
	{Obb2
		{Center -1.8492 38.9208}
		{Extent 11.8716 8.09346}
		{Axis 0.0182396 0.999834}
	}
	{Rotate}
	{Tags  "body"}
}
{Obstacle "body_vol4"
	{Obb2
		{Center -2.01781 15.2881}
		{Extent 9.13664 13.723}
		{Axis 0.0182396 0.999834}
	}
	{Rotate}
	{Tags  "body"}
}
{Volume "body"
	{Box 94.6202 35.866 15.8094}
	{Bone "group001"}
	{Matrix34
		0.999885	0.00276628	0.0149254
		-0.0151796	0.182215	0.983142
		0	-0.983255	0.182236
		0.0329932	16.7764	-0.820343
	}
}
{Volume "body_vol2"
	{Box 48.8439 24.5399 13.9217}
	{Bone "group001"}
	{Matrix34
		0.999885	0.00276628	0.0149254
		-0.0151796	0.182215	0.983142
		0	-0.983255	0.182236
		21.2633	2.3962	2.41265
	}
}
{Volume "body_vol3"
	{Box 23.6926 16.0175 11.1789}
	{Bone "group001"}
	{Matrix34
		0.999885	0.00276628	0.0149254
		-0.0151796	0.182215	0.983142
		0	-0.983255	0.182236
		-37.0999	4.85965	1.03684
	}
}
{Volume "body_vol4"
	{Box 18.1866 27.1964 22.3578}
	{Bone "group001"}
	{Matrix34
		0.999885	0.00276628	0.0149254
		-0.0151796	0.182215	0.983142
		0	-0.983255	0.182236
		-13.4672	-1.89619	2.39929
	}
}
