;Exported by: Мантикор
;Date:        Wed Feb 17 22:55:35 2010
;File:        C:\Documents and Settings\Администратор\Мои документы\3dsmax\GUN\S&W 1917.max
{Skeleton
	{bone "body"
		{Orientation
			1	0	0
			0	-1	0
			0	0	1
		}
		{VolumeView "body.ply"}
		{bone "foresight3"
			{Matrix34
				0.99994	-0.00285484	-0.0105823
				0.00288015	0.999993	0.00237774
				0.0105755	-0.00240807	0.999941
				4.84234	1.70221	-0.0235339
			}
		}
		{bone "handle"
			{Matrix34
				-0.999992	0.00287349	0.00280189
				0.00288016	0.999993	0.00237765
				-0.00279504	0.0023857	-0.999993
				1.77638	2.04254	-0.0141599
			}
		}
	}
}
{Volume "body"
	{Polyhedron "body.vol"}
	{Bone "body"}
	{Matrix34
		0.00279499	-0.00238578	0.999993
		0.00288074	0.999993	0.00237757
		-0.999992	0.00287411	0.00280209
		0.0020645	0.653536	0.0623308
	}
}
{Volume "select"
	{Polyhedron "select.vol"}
	{Bone "body"}
	{Matrix34
		0.00279499	-0.00238578	0.999993
		0.00288074	0.999993	0.00237757
		-0.999992	0.00287411	0.00280209
		0.00146538	0.587989	-0.0842617
	}
}
{Extender "preview"
	{"Stuff"
		{camera
			{origin 1.20468	-0.168613	8.33747}
			{lookat 1.21594	-0.42276	-0.270207}
			{fov 33.3985}
			{horizon -2.52817}
		}
		{lights
			{"0"
				{type point}
				{position 5.25339	-28.1818	-5.44604}
			}
			{"1"
				{type directional}
				{direction -0.0132211	0.359872	-0.346868}
			}
			{"2"
				{type point}
				{position 5.25339	18.6805	17.0167}
			}
		}
	}
	{"Stuff_primary"
		{camera
			{origin 1.0403	-0.0774977	12.19}
			{lookat 1.05658	-0.445364	-0.269753}
			{fov 33.3985}
			{horizon -2.52809}
		}
		{lights
			{"0"
				{type point}
				{position 5.25339	-28.1818	-5.44604}
			}
			{"1"
				{type directional}
				{direction -0.0132211	0.359872	-0.346868}
			}
			{"2"
				{type point}
				{position 5.25339	18.6805	17.0167}
			}
		}
	}
}
