;Exported by: Vnab
;Date:        Wed Oct 15 13:40:08 2014
;File:        C:\Users\Vnab\Desktop\Моддинг\Модели нов\Company of heroes\Объекты\boxes_shells11_wood\boxes_shells11_wood.max
{Skeleton
	{bone "basis"
		{Orientation
			1	0	0
			0	-1	0
			0	0	1
		}
		{bone "group001"
			{Matrix34
				-0.993592	0.113009	-0.00199441
				-0.0177103	-0.173092	-0.984746
				-0.11163	-0.978401	0.173984
				-3.89457	-1.10975	11.0887
			}
			{VolumeView "group001.ply"}
		}
	}
}
{Obstacle "body"
	{Obb2
		{Center -4.62277 -2.86278}
		{Extent 33.5098 6.99176}
		{Axis 0.999848 0.0174436}
	}
	{Rotate}
	{Tags  "body"}
}
{Obstacle "body_vol2"
	{Obb2
		{Center -1.99655 15.8205}
		{Extent 10.7261 7.24361}
		{Axis 1 0}
	}
	{Rotate}
	{Tags  "body"}
}
{Obstacle "body_vol3"
	{Obb2
		{Center -8.83553 -14.3816}
		{Extent 6.79651 7.70504}
		{Axis 1 0}
	}
	{Rotate}
	{Tags  "body"}
}
{Obstacle "body_vol4"
	{Obb2
		{Center 10.2663 -2.49048}
		{Extent 12.537 6.89536}
		{Axis 1 0}
	}
	{Rotate}
	{Tags  "body"}
}
{Volume "body"
	{Box 66.98 13.79 10.835}
	{Bone "group001"}
	{Matrix34
		-0.995684	-0.0141875	-0.0917132
		0.0927827	-0.173417	-0.980469
		-0.0019947	-0.984747	0.173984
		1.18375	4.89929	-4.79025
	}
}
{Volume "body_vol2"
	{Box 21.4522 14.4872 9.05451}
	{Bone "group001"}
	{Matrix34
		-0.993592	-0.0177104	-0.11163
		0.113009	-0.173092	-0.978401
		-0.00199452	-0.984747	0.173984
		-3.53524	8.9634	13.0414
	}
}
{Volume "body_vol3"
	{Box 13.593 6.69801 20.9805}
	{Bone "group001"}
	{Matrix34
		-0.993592	-0.0177103	-0.11163
		0.100065	-0.597067	-0.795926
		-0.0525545	-0.801996	0.595013
		6.65926	-2.93262	-14.5454
	}
}
{Volume "body_vol4"
	{Box 25.074 13.7907 11.144}
	{Bone "group001"}
	{Matrix34
		-0.993592	-0.0177104	-0.11163
		0.113009	-0.173092	-0.978401
		-0.00199452	-0.984747	0.173984
		-13.6759	-7.11716	-4.0002
	}
}
