;Exported by: Vnab
;Date:        Tue Oct 07 16:04:02 2014
;File:        C:\Users\Vnab\Desktop\Моддинг\Модели нов\Air Conflicts.Secret Wars\Здания\Социальное\hangar_eu_air_01\hangar_eu_air_01.max
{Skeleton
	{bone "basis"
		{Orientation
			1	0	0
			0	-1	0
			0	0	1
		}
		{bone "group001"
			{Matrix34
				0.999592	-0.0285591	0.000129671
				0.0283445	0.991501	-0.126976
				0.00349772	0.126928	0.991906
				0.743225	24.6813	70.0073
			}
			{VolumeView "group001.ply"}
		}
	}
}
{Obstacle "body"
	{Obb2
		{Center 149.162 -39.0492}
		{Extent 27.4827 95.0443}
		{Axis 1 0}
	}
	{Rotate}
	{Tags  "body"}
}
{Obstacle "body_vol2"
	{Obb2
		{Center -96.6867 202.674}
		{Extent 90.7942 8.78654}
		{Axis 1 0}
	}
	{Rotate}
	{Tags  "body"}
}
{Obstacle "body_vol3"
	{Obb2
		{Center 140.55 197.957}
		{Extent 38.4934 10.4602}
		{Axis 1 0}
	}
	{Rotate}
	{Tags  "body"}
}
{Obstacle "body_vol4"
	{Obb2
		{Center -5.43899 -255.932}
		{Extent 127.68 3.72161}
		{Axis 1 0}
	}
	{Rotate}
	{Tags  "body"}
}
{Obstacle "body_vol5"
	{Obb2
		{Center -132.26 -32.1437}
		{Extent 3.43537 219.862}
		{Axis 1 0}
	}
	{Rotate}
	{Tags  "body"}
}
{Obstacle "body_vol6"
	{Obb2
		{Center 120.809 -20.0397}
		{Extent 2.29024 207.265}
		{Axis 1 0}
	}
	{Rotate}
	{Tags  "body"}
}
{Volume "body"
	{Box 54.9654 190.089 97.3345}
	{Bone "group001"}
	{Matrix34
		0.999592	0.0283445	0.00349755
		-0.028559	0.991501	0.126928
		0.000129783	-0.126976	0.991906
		147.944	21.8907	-24.5143
	}
}
{Volume "body_vol2"
	{Box 181.588 118.827 17.5731}
	{Bone "group001"}
	{Matrix34
		0.999592	0.0283446	0.00349757
		0.000129816	-0.126976	0.991906
		0.028559	-0.991501	-0.126928
		-90.8989	-226.447	-42.7671
	}
}
{Volume "body_vol3"
	{Box 76.9868 120.501 20.9203}
	{Bone "group001"}
	{Matrix34
		0.999592	0.0283446	0.00349757
		0.000129816	-0.126976	0.991906
		0.028559	-0.991501	-0.126928
		146.106	-215.046	-41.3387
	}
}
{Volume "body_vol4"
	{Box 255.36 7.44321 137.413}
	{Bone "group001"}
	{Matrix34
		0.999592	0.0283445	0.00349758
		-0.028559	0.991501	0.126928
		0.000129805	-0.126976	0.991906
		-12.7842	229.275	28.0405
	}
}
{Volume "body_vol5"
	{Box 6.8707 439.723 123.672}
	{Bone "group001"}
	{Matrix34
		0.999592	0.0283445	0.00349758
		-0.028559	0.991501	0.126928
		0.000129805	-0.126976	0.991906
		-133.163	4.66661	-7.62312
	}
}
{Volume "body_vol6"
	{Box 4.58044 414.531 125.962}
	{Bone "group001"}
	{Matrix34
		0.999592	0.0283445	0.00349758
		-0.028559	0.991501	0.126928
		0.000129805	-0.126976	0.991906
		120.149	-0.306781	-7.13844
	}
}
{Volume "body_vol7"
	{Box 256.901 5.85769 475.74}
	{Bone "group001"}
	{Matrix34
		0.999592	0.0283445	0.00349757
		0.000129825	-0.126976	0.991906
		0.0285591	-0.991501	-0.126928
		-6.15396	-8.53224	50.3774
	}
}
