;Exported by: Vnab
;Date:        Tue Oct 07 12:11:58 2014
;File:        C:\Users\Vnab\Desktop\Моддинг\Модели нов\Air Conflicts.Secret Wars\Здания\Африка\town_a5_1,5et_brown\town_a5_1,5et_brown.max
{Skeleton
	{bone "basis"
		{Orientation
			1	0	0
			0	-1	0
			0	0	1
		}
		{bone "group001"
			{Matrix34
				0.995395	0.0958496	-0.00139656
				-0.0936527	0.969265	-0.227497
				-0.0204518	0.22658	0.973778
				-4.34979	3.74989	63.3224
			}
			{VolumeView "group001.ply"}
		}
	}
}
{Obstacle "body"
	{Obb2
		{Center -3.85598 -3.50542}
		{Extent 93.5963 64.5008}
		{Axis 1 0}
	}
	{Rotate}
	{Tags  "body"}
}
{Obstacle "body_vol2"
	{Obb2
		{Center 42.3939 -31.9559}
		{Extent 47.592 36.4376}
		{Axis 1 0}
	}
	{Rotate}
	{Tags  "body"}
}
{Obstacle "body_vol3"
	{Obb2
		{Center -3.7048 32.2558}
		{Extent 93.9469 28.745}
		{Axis 1 0}
	}
	{Rotate}
	{Tags  "body"}
}
{Volume "body"
	{Box 187.193 129.002 79.9249}
	{Bone "group001"}
	{Matrix34
		0.995395	-0.0936525	-0.0204518
		0.0958495	0.969265	0.22658
		-0.00139651	-0.227497	0.973778
		0.500596	5.01186	-22.7304
	}
}
{Volume "body_vol2"
	{Box 95.184 72.8752 59.49}
	{Bone "group001"}
	{Matrix34
		0.995395	-0.0936525	-0.0204518
		0.0958495	0.969265	0.22658
		-0.00139651	-0.227497	0.973778
		49.1846	15.2542	38.4249
	}
}
{Volume "body_vol3"
	{Box 187.894 57.4899 57.4899}
	{Bone "group001"}
	{Matrix34
		0.995395	-0.0936525	-0.0204518
		0.0958495	0.969265	0.22658
		-0.00139651	-0.227497	0.973778
		-2.85502	-42.4391	23.8448
	}
}
