;Exported by: Vnab
;Date:        Wed Dec 10 12:23:08 2014
;File:        C:\Users\Vnab\Desktop\Моддинг\МОДЕЛИ Готовые\Конвертированные\model_trash\PE2 Crashed mleSU_83_01\pe2_hvost_crush2-3.max
{Skeleton
	{bone "basis"
		{Orientation
			1	0	0
			0	-1	0
			0	0	1
		}
		{bone "object_1"
			{Matrix34
				-1	0	0
				0	-1	0
				0	0	1
				-3.09398	12.9718	11.2798
			}
			{VolumeView "object_1.ply"}
		}
	}
}
{Obstacle "body"
	{Obb2
		{Center 0.695683 -5.10099}
		{Extent 7.69405 31.0368}
		{Axis 1 0}
	}
	{Rotate}
	{Tags  "body"}
}
{Obstacle "body_vol2"
	{Obb2
		{Center 0.832096 -18.7615}
		{Extent 40.0086 5.53117}
		{Axis 1 0}
	}
	{Rotate}
	{Tags  "body"}
}
{Obstacle "body_vol3"
	{Obb2
		{Center -40.0258 -20.3815}
		{Extent 1.80103 8.80402}
		{Axis 0.996199 0.0871117}
	}
	{Rotate}
	{Tags  "body"}
}
{Obstacle "body_vol4"
	{Obb2
		{Center 40.7355 -20.2767}
		{Extent 0.323635 7.8319}
		{Axis 1 0}
	}
	{Rotate}
	{Tags  "body"}
}
{Volume "body"
	{Polyhedron "body.vol"}
	{Bone "object_1"}
	{Matrix34
		1	0	0
		0	0	1
		0	-1	0
		-3.78966	38.9077	-3.70173
	}
}
{Volume "body_vol2"
	{Box 80.0253 11.0623 2.11832}
	{Bone "object_1"}
	{Matrix34
		0.998404	0	-0.0564797
		0	1	0
		0.0564797	0	0.998404
		-3.92608	-5.78971	-3.35411
	}
}
{Volume "body_vol3"
	{Box 0.832157 13.148 28.6261}
	{Bone "object_1"}
	{Matrix34
		0.993502	-0.0663922	-0.0924493
		0.0808399	0.983387	0.162527
		0.0801228	-0.168944	0.982364
		36.9318	-7.40967	2.04941
	}
}
{Volume "body_vol4"
	{Box 0.647266 11.945 27.7735}
	{Bone "object_1"}
	{Matrix34
		1	0	0
		0	0.99043	0.138015
		0	-0.138015	0.99043
		-43.8295	-7.3049	2.47402
	}
}
