;Exported by: Vnab
;Date:        Tue Nov 11 15:02:09 2014
;File:        C:\Users\Vnab\Desktop\Моддинг\Модели нов\Blazing Angels\Техника\Gladiator_MK2_eng\Gladiator_MK2_eng.max
{Skeleton
	{bone "basis"
		{Orientation
			1	0	0
			0	-1	0
			0	0	1
		}
		{bone "group001"
			{Matrix34
				0	0.991969	-0.126483
				-1	0	0
				0	0.126483	0.991969
				-0.236912	16.7395	24.2982
			}
			{VolumeView "group001.ply"}
		}
	}
}
{Obstacle "body"
	{Obb2
		{Center -3.30529 -16.523}
		{Extent 62.8263 11.6905}
		{Axis 0.0531045 0.998589}
	}
	{Rotate}
	{Tags  "body"}
}
{Obstacle "body_vol2"
	{Obb2
		{Center -0.276096 24.4653}
		{Extent 20.9277 4.13687}
		{Axis 1 0}
	}
	{Rotate}
	{Tags  "body"}
}
{Obstacle "body_vol3"
	{Obb2
		{Center -1.12823 2.46378}
		{Extent 78.5193 10.4831}
		{Axis 1 0}
	}
	{Rotate}
	{Tags  "body"}
}
{Obstacle "body_vol4"
	{Obb2
		{Center -1.12825 10.1067}
		{Extent 76.897 11.3474}
		{Axis 1 0}
	}
	{Rotate}
	{Tags  "body"}
}
{Obstacle "body_vol5"
	{Obb2
		{Center -0.572037 -72.7574}
		{Extent 23.7667 5.14383}
		{Axis 1 0}
	}
	{Rotate}
	{Tags  "body"}
}
{Obstacle "body_vol6"
	{Obb2
		{Center -0.313102 -76.8648}
		{Extent 0.573763 8.02125}
		{Axis 1 0}
	}
	{Rotate}
	{Tags  "body"}
}
{Obstacle "body_vol7"
	{Obb2
		{Center -1.9736 -21.7129}
		{Extent 4.39884 16.3722}
		{Axis 1 0}
	}
	{Rotate}
	{Tags  "body"}
}
{Obstacle "body_vol8"
	{Obb2
		{Center -0.321594 -70.3008}
		{Extent 0.766342 1.713}
		{Axis 1 0}
	}
	{Rotate}
	{Tags  "body"}
}
{Volume "body"
	{Polyhedron "body.vol"}
	{Bone "group001"}
	{Matrix34
		0	-1	0
		0.107082	0	0.99425
		-0.99425	0	0.107082
		-61.6485	-0.12033	7.71396
	}
}
{Volume "body_vol2"
	{Box 41.8553 8.27373 14.114}
	{Bone "group001"}
	{Matrix34
		0	-1	0
		0.991969	0	0.126483
		-0.126483	0	0.991969
		-38.6932	0.0391866	-22.3145
	}
}
{Volume "body_vol3"
	{Box 157.039 21.0899 1.94676}
	{Bone "group001"}
	{Matrix34
		0	-1	0
		0.994251	0	-0.107082
		0.107082	0	0.994251
		-18.8344	0.891319	-4.11275
	}
}
{Volume "body_vol4"
	{Box 153.794 22.7122 2.59568}
	{Bone "group001"}
	{Matrix34
		0	-1	0
		0.994251	0	-0.107082
		0.107082	0	0.994251
		-30.2348	0.891342	24.871
	}
}
{Volume "body_vol5"
	{Box 47.5334 10.3827 0.811149}
	{Bone "group001"}
	{Matrix34
		0	-1	0
		0.994251	0	-0.107082
		0.107082	0	0.994251
		57.0009	0.335121	-4.15254
	}
}
{Volume "body_vol6"
	{Box 11.4752 21.0379 1.14752}
	{Bone "group001"}
	{Matrix34
		-0.994251	0	0.107082
		0.107082	0	0.994251
		0	1	0
		60.4312	0.0761871	1.41809
	}
}
{Volume "body_vol7"
	{Box 31.3656 9.69018 8.79767}
	{Bone "group001"}
	{Matrix34
		-0.970294	0	0.241929
		0.241929	0	0.970294
		0	1	0
		3.49465	1.73669	11.9132
	}
}
{Volume "body_vol8"
	{Box 3.42599 5.40947 1.53268}
	{Bone "group001"}
	{Matrix34
		-0.991969	0	-0.126483
		-0.126483	0	0.991969
		0	1	0
		55.856	0.0846794	-14.5961
	}
}
