;Exported by: Vnab
;Date:        Wed Oct 29 14:57:18 2014
;File:        C:\Users\Vnab\Desktop\Моддинг\Модели нов\Company of heroes\Окружение\telega_eu_trade_pricep\telega_eu_trade_pricep_wood.max
{Skeleton
	{bone "basis"
		{Orientation
			1	0	0
			0	-1	0
			0	0	1
		}
		{bone "group001"
			{Matrix34
				1	0	-0.000855869
				-0.00014382	0.98578	-0.168039
				0.000843699	0.168039	0.98578
				1.00865	2.81832	23.3824
			}
			{VolumeView "group001.ply"}
		}
	}
}
{Obstacle "body"
	{Obb2
		{Center 0.151582 -0.158753}
		{Extent 18.1804 27.9348}
		{Axis 1 0}
	}
	{Rotate}
	{Tags  "body"}
}
{Obstacle "body_vol2"
	{Obb2
		{Center -19.433 0.640918}
		{Extent 0.736588 4.57233}
		{Axis 1 0}
	}
	{Rotate}
	{Tags  "body"}
}
{Obstacle "body_vol3"
	{Obb2
		{Center 19.5199 0.859919}
		{Extent 0.625026 3.87285}
		{Axis 1 0}
	}
	{Rotate}
	{Tags  "body"}
}
{Volume "body"
	{Box 36.3526 56.0552 3.60751}
	{Bone "group001"}
	{Matrix34
		1	0	0.000855923
		0	1	0
		-0.000855922	0	1
		-0.84759	-0.761175	-11.3617
	}
}
{Volume "body_vol2"
	{Box 1.47167 9.02625 15.7959}
	{Bone "group001"}
	{Matrix34
		1	0	0.000855923
		-0.000150152	0.984493	0.175427
		-0.000842649	-0.175427	0.984492
		-20.4283	-0.789598	-15.9538
	}
}
{Volume "body_vol3"
	{Box 1.24875 7.63128 15.2626}
	{Bone "group001"}
	{Matrix34
		1	0	0.000855923
		-0.000150152	0.984493	0.175427
		-0.000842649	-0.175427	0.984492
		18.5248	-0.966099	-16.2216
	}
}
