;Exported by: sk
;Date:        Fri Feb 13 18:22:53 2004
;File:        D:\-Projects-\-3DWork-\Constructions\CitY\House_euro.max
{Skeleton
	{bone "house1a"
		{Orientation
			1.0000	0.0000	0.0000
			0.0000	-1.0000	0.0000
			0.0000	0.0000	1.0000
		}
		{VolumeView "house1a.ply"}
		{bone "window8"
			{Position -33.4707	52.8949	22.1816}
			{VolumeView "window8.ply"}
		}
		{bone "window1"
			{Position 66.0070	37.0235	23.9023}
			{VolumeView "window1.ply"}
		}
		{bone "window2"
			{Position 31.6005	-65.9727	23.8483}
			{VolumeView "window2.ply"}
		}
		{bone "window3"
			{Position -55.6001	-65.9727	35.1197}
			{VolumeView "window3.ply"}
		}
		{bone "window4"
			{Matrix34
				0.9063	-0.4226	0.0000
				0.4226	0.9063	0.0000
				0.0000	0.0000	1.0000
				-94.7975	-57.8348	34.5586
			}
			{VolumeView "window4.ply"}
		}
		{bone "window5"
			{Matrix34
				0.3063	-0.9519	0.0000
				0.9519	0.3063	0.0000
				0.0000	0.0000	1.0000
				-116.2136	-30.1816	35.1197
			}
			{VolumeView "window5.ply"}
		}
		{bone "window6"
			{Matrix34
				0.3063	0.9519	0.0000
				0.9519	-0.3063	-0.0000
				0.0000	-0.0000	1.0000
				-115.6681	3.5844	35.1197
			}
			{VolumeView "window6.ply"}
		}
		{bone "window7"
			{Matrix34
				0.9063	0.4226	0.0000
				0.4226	-0.9063	-0.0000
				0.0000	-0.0000	1.0000
				-92.6507	29.6752	34.5586
			}
			{VolumeView "window7.ply"}
		}
		{bone "Exterior"
			{Position -16.2970	-6.6927	85.8063}
			{VolumeView "Exterior.ply"}
			{bone "FX_flue"
				{Matrix34
					-0.0000	0.0000	1.0000
					0.0000	1.0000	0.0000
					-1.0000	0.0000	-0.0000
					-26.1443	-22.2633	31.0246
				}
			}
		}
	}
}
{Obstacle "Rectangle02"
	{Obb2
		{Center -57.251 -53.4318}
		{Extent 10.6797 1.9685}
		{Axis -1 0}
	}
	{Rotate}
}
{Obstacle "Rectangle01"
	{Obb2
		{Center -9.21805 -53.4318}
		{Extent 10.9325 1.9685}
		{Axis -1 0}
	}
	{Rotate}
}
{Obstacle "body11"
	{Obb2
		{Center 90.8003 14.4737}
		{Extent 1.96851 53.9372}
		{Axis 1 0}
	}
	{Rotate}
}
{Obstacle "body10"
	{Obb2
		{Center -94.276 58.608}
		{Extent 18.9241 2.01294}
		{Axis 0.906401 0.422418}
	}
	{Rotate}
}
{Obstacle "body9"
	{Obb2
		{Center -116.209 33.0806}
		{Extent 20.5066 1.97934}
		{Axis 0.309623 0.950859}
	}
	{Rotate}
}
{Obstacle "body8"
	{Obb2
		{Center -116.086 -4.28516}
		{Extent 2.00251 20.5088}
		{Axis 0.951106 0.308866}
	}
	{Rotate}
}
{Obstacle "body7"
	{Obb2
		{Center -93.9085 -30.2267}
		{Extent 1.97913 18.4746}
		{Axis 0.423139 0.906065}
	}
	{Rotate}
}
{Obstacle "body6"
	{Obb2
		{Center -71.0871 -37.609}
		{Extent 7.30511 1.9685}
		{Axis 1 0}
	}
	{Rotate}
}
{Obstacle "body5"
	{Obb2
		{Center -65.6476 -44.9107}
		{Extent 1.96851 9.24698}
		{Axis 1 0}
	}
	{Rotate}
}
{Obstacle "body4"
	{Obb2
		{Center -0.734955 -44.9107}
		{Extent 1.9685 9.24698}
		{Axis 1 0}
	}
	{Rotate}
}
{Obstacle "body3"
	{Obb2
		{Center 45.7655 -37.4334}
		{Extent 48.6683 1.96851}
		{Axis 1 0}
	}
	{Rotate}
}
{Obstacle "body2"
	{Obb2
		{Center 109.032 1.84616}
		{Extent 16.849 41.5232}
		{Axis 1 0}
	}
	{Rotate}
}
{Obstacle "body"
	{Obb2
		{Center 8.22333 66.4915}
		{Extent 85.6146 1.96851}
		{Axis 1 0}
	}
	{Rotate}
}
{Volume "Hole9"
	{Box 22.7476 9.84252 25.4477}
	{Bone "house1a"}
	{Matrix34
		0.9033	-0.4290	0.0000
		0.4290	0.9033	0.0000
		0.0000	0.0000	1.0000
		-94.8729	-58.2247	34.5498
	}
}
{Volume "Hole7"
	{Box 22.7476 9.84252 25.4477}
	{Bone "house1a"}
	{Matrix34
		0.2997	-0.9540	0.0000
		0.9540	0.2997	0.0000
		0.0000	0.0000	1.0000
		-116.4607	-31.8413	34.5498
	}
}
{Volume "Hole6"
	{Box 23.6712 9.84252 25.4477}
	{Bone "house1a"}
	{Matrix34
		-0.3059	-0.9521	0.0000
		0.9521	-0.3059	-0.0000
		-0.0000	0.0000	1.0000
		-115.6974	5.5567	34.5498
	}
}
{Volume "Hole5"
	{Box 22.5111 9.84252 25.4477}
	{Bone "house1a"}
	{Matrix34
		-0.9135	-0.4067	0.0000
		0.4067	-0.9135	-0.0000
		0.0000	0.0000	1.0000
		-93.2393	30.2671	34.5498
	}
}
{Volume "Hole4"
	{Box 26.5437 9.84252 40.3461}
	{Bone "house1a"}
	{Position -33.4391	53.5620	20.1730}
}
{Volume "Hole3"
	{Box 26.3119 9.84252 22.8093}
	{Bone "house1a"}
	{Position -55.5546	-66.5438	35.1814}
}
{Volume "Hole2"
	{Box 26.3119 8.62728 22.8093}
	{Bone "house1a"}
	{Position 29.1943	-66.5036	35.1814}
}
{Volume "Hole1"
	{Box 30.8213 9.88674 22.8093}
	{Bone "house1a"}
	{Position 65.9674	37.6608	35.1814}
}
{Volume "body11"
	{Box 107.874 3.93701 55.6325}
	{Bone "house1a"}
	{Matrix34
		0.0000	1.0000	0.0000
		-1.0000	0.0000	0.0000
		0.0000	0.0000	1.0000
		90.8003	-14.4737	27.8163
	}
}
{Volume "body10"
	{Box 37.839 3.93701 55.6325}
	{Bone "house1a"}
	{Matrix34
		0.9074	-0.4203	0.0000
		0.4203	0.9074	0.0000
		0.0000	0.0000	1.0000
		-94.2760	-58.6079	27.8163
	}
}
{Volume "body9"
	{Box 41.0111 3.93701 55.6325}
	{Bone "house1a"}
	{Matrix34
		0.3091	-0.9510	0.0000
		0.9510	0.3091	0.0000
		0.0000	0.0000	1.0000
		-116.2088	-33.0806	27.8163
	}
}
{Volume "body8"
	{Box 41.0111 3.93701 55.6325}
	{Bone "house1a"}
	{Matrix34
		-0.3104	-0.9506	0.0000
		0.9506	-0.3104	0.0000
		0.0000	0.0000	1.0000
		-116.0861	4.2851	27.8163
	}
}
{Volume "body7"
	{Box 36.947 3.93701 55.6325}
	{Bone "house1a"}
	{Matrix34
		-0.9063	-0.4226	0.0000
		0.4226	-0.9063	0.0000
		0.0000	0.0000	1.0000
		-93.9085	30.2267	27.8163
	}
}
{Volume "body6"
	{Box 14.6102 3.93701 55.6325}
	{Bone "house1a"}
	{Matrix34
		-1.0000	0.0000	0.0000
		0.0000	-1.0000	0.0000
		0.0000	0.0000	1.0000
		-71.0871	37.6090	27.8163
	}
}
{Volume "body5"
	{Box 18.494 3.93701 55.6325}
	{Bone "house1a"}
	{Matrix34
		0.0000	-1.0000	0.0000
		1.0000	0.0000	0.0000
		0.0000	0.0000	1.0000
		-65.6476	44.9107	27.8163
	}
}
{Volume "body4"
	{Box 18.494 3.93701 55.6325}
	{Bone "house1a"}
	{Matrix34
		0.0000	-1.0000	0.0000
		1.0000	0.0000	0.0000
		0.0000	0.0000	1.0000
		-0.7350	44.9107	27.8163
	}
}
{Volume "body3"
	{Box 97.3366 3.93701 55.6325}
	{Bone "house1a"}
	{Position 45.7655	37.4334	27.8163}
}
{Volume "body2"
	{Box 33.6979 83.0465 49.5129}
	{Bone "house1a"}
	{Position 109.0318	-1.8462	24.7565}
}
{Volume "body1"
	{Box 70.204 3.93701 55.6325}
	{Bone "house1a"}
	{Position -33.1893	53.6635	27.8163}
}
{Volume "exterior1"
	{Polyhedron "exterior1.vol"}
	{Bone "Exterior"}
	{Matrix34
		0.0000	-1.0000	0.0000
		1.0000	0.0000	0.0000
		0.0000	0.0000	1.0000
		-16.8803	83.3458	-31.3524
	}
}
{Volume "exterior"
	{Polyhedron "exterior.vol"}
	{Bone "Exterior"}
	{Position 24.5203	-7.9041	-31.3524}
}
{Volume "body"
	{Box 171.229 3.93701 55.6325}
	{Bone "house1a"}
	{Position 8.2233	-66.4915	27.8163}
}
{Volume "window7"
	{Box 22.5111 2.14129 25.4477}
	{Bone "window7"}
	{Matrix34
		-0.9998	-0.0175	-0.0000
		-0.0175	0.9998	0.0000
		0.0000	-0.0000	1.0000
		-0.1871	-0.1429	-0.0088
	}
}
{Volume "window6"
	{Box 23.6712 2.14129 25.4477}
	{Bone "window6"}
	{Matrix34
		-1.0000	0.0004	0.0000
		0.0004	1.0000	0.0000
		-0.0000	-0.0000	1.0000
		1.8352	-0.2056	-0.5699
	}
}
{Volume "window5"
	{Box 22.7476 2.0991 25.4477}
	{Bone "window5"}
	{Matrix34
		1.0000	-0.0069	0.0000
		0.0069	1.0000	0.0000
		0.0000	0.0000	1.0000
		1.4671	-0.1149	-0.5699
	}
}
{Volume "window4"
	{Box 22.7476 2.0991 25.4477}
	{Bone "window4"}
	{Matrix34
		1.0000	-0.0071	0.0000
		0.0071	1.0000	0.0000
		0.0000	0.0000	1.0000
		0.1027	0.0363	-0.0088
	}
}
{Volume "window3"
	{Box 26.3119 2.0991 22.8093}
	{Bone "window3"}
	{Position 0.0455	-0.0247	0.0618}
}
{Volume "window2"
	{Box 26.3119 2.0991 22.8093}
	{Bone "window2"}
	{Position -2.4061	-0.0247	11.3331}
}
{Volume "window1"
	{Box 30.8213 2.0991 22.8093}
	{Bone "window1"}
	{Position -0.0397	0.1089	11.2791}
}
{Volume "window8"
	{Box 26.5437 2.0991 40.3461}
	{Bone "window8"}
	{Position 0.0316	-0.0789	-2.0086}
}
