;Exported by: Vnab
;Date:        Thu Aug 08 15:57:37 2013
;File:        D:\INSTALL\Моддинг\Сцены\Cod 2\mp_moscow\ruins_build1\ruins_build1.max
{Skeleton
	{bone "basis"
		{Orientation
			1	0	0
			0	-1	0
			0	0	1
		}
		{bone "drawcall_0050"
			{Matrix34
				0.99906	-0.0433414	0.000647545
				0.00480808	0.0959594	-0.995374
				0.0430787	0.994441	0.0960776
				94.2008	-36.9152	474.263
			}
			{VolumeView "drawcall_0050.ply"}
		}
	}
}
{Obstacle "body"
	{Obb2
		{Center 48.292 106.406}
		{Extent 159.316 4.78637}
		{Axis 1 0}
	}
	{Rotate}
	{Tags  "body"}
}
{Obstacle "body_vol2"
	{Obb2
		{Center -105.473 -33.0141}
		{Extent 4.83501 131.993}
		{Axis 1 0}
	}
	{Rotate}
	{Tags  "body"}
}
{Volume "body"
	{Box 318.632 196.923 9.57264}
	{Bone "drawcall_0050"}
	{Matrix34
		0.99906	0.00480807	0.0430784
		0.000647565	-0.995373	0.0960776
		0.0433411	-0.0959595	-0.994441
		-43.096	365.545	-107.031
	}
}
{Volume "body_vol2"
	{Box 263.987 175.991 9.66983}
	{Bone "drawcall_0050"}
	{Matrix34
		0.0433411	-0.0959594	-0.994441
		0.000646791	-0.995374	0.0960776
		-0.99906	-0.00480742	-0.0430785
		-202.767	389.927	23.8566
	}
}
