;Exported by: Vnab
;Date:        Fri Oct 03 11:45:00 2014
;File:        C:\Users\Vnab\Desktop\Моддинг\Модели нов\Rush for b 2\Окружение\grave_stone_plate02\grave_stone_plate02.max
{Skeleton
	{bone "basis"
		{Orientation
			1	0	0
			0	-1	0
			0	0	1
		}
		{bone "group001"
			{Matrix34
				0.991306	-0.131572	0.00128066
				0.0489296	0.359579	-0.931831
				0.122142	0.923792	0.362891
				-0.278679	1.87532	7.99547
			}
			{VolumeView "group001.ply"}
		}
	}
}
{Obstacle "body"
	{Obb2
		{Center 0.0341873 13.8148}
		{Extent 5.49145 0.683762}
		{Axis 1 0}
	}
	{Rotate}
	{Tags  "body"}
}
{Volume "body"
	{Box 10.9829 1.36752 18.1309}
	{Bone "group001"}
	{Matrix34
		0.991306	0.0489295	0.122142
		-0.131572	0.359579	0.923792
		0.00128067	-0.931831	0.36289
		2.3759	-6.62359	-14.0679
	}
}
{Volume "body_vol2"
	{Box 17.4359 37.9487 3.76068}
	{Bone "group001"}
	{Matrix34
		0.991306	0.0489295	0.122142
		-0.131572	0.359579	0.923792
		0.00128074	-0.931831	0.362891
		0.107131	6.58198	0.0493284
	}
}
