;Exported by: Vnab
;Date:        Wed Dec 10 12:35:01 2014
;File:        C:\Users\Vnab\Desktop\Моддинг\МОДЕЛИ Готовые\Конвертированные\entourage\0ent_vehicle\Air\Hurricane Hawker_eng_mleAF_004\Hurricane Hawker_eng_mleAF_004.max
{Skeleton
	{bone "basis"
		{Orientation
			1	0	0
			0	-1	0
			0	0	1
		}
		{bone "object_1"
			{Matrix34
				0	1	-0.000179819
				-1	0	0
				0	0.000179819	1
				18.2531	-0.969648	39.637
			}
			{VolumeView "object_1.ply"}
		}
	}
}
{Obstacle "body"
	{Obb2
		{Center 17.9993 5.11964}
		{Extent 75.8343 9.80838}
		{Axis 0.0182396 0.999834}
	}
	{Rotate}
	{Tags  "body"}
}
{Obstacle "body_vol2"
	{Obb2
		{Center 16.9954 35.4624}
		{Extent 112.905 14.6812}
		{Axis 1 0}
	}
	{Rotate}
	{Tags  "body"}
}
{Obstacle "body_vol3"
	{Obb2
		{Center 18.0934 55.7115}
		{Extent 28.2197 5.38526}
		{Axis 1 0}
	}
	{Rotate}
	{Tags  "body"}
}
{Obstacle "body_vol4"
	{Obb2
		{Center 18.1579 -73.4121}
		{Extent 28.7277 10.1383}
		{Axis 1 0}
	}
	{Rotate}
	{Tags  "body"}
}
{Obstacle "body_vol5"
	{Obb2
		{Center 18.1617 -73.2344}
		{Extent 0.921773 23.0422}
		{Axis 1 0}
	}
	{Rotate}
	{Tags  "body"}
}
{Volume "body"
	{Box 150.373 18.7336 21.2231}
	{Bone "object_1"}
	{Matrix34
		0.979598	0.0233368	-0.199609
		-0.0230151	0.999727	0.00393245
		0.199647	0.000741808	0.979868
		-4.14846	0.253798	-8.46465
	}
}
{Volume "body_vol2"
	{Box 28.2906 225.81 8.48221}
	{Bone "object_1"}
	{Matrix34
		0.921352	0	-0.388728
		0	1	0
		0.388728	0	0.921352
		-34.4908	1.25771	-11.0786
	}
}
{Volume "body_vol3"
	{Box 10.7659 56.4393 25.7729}
	{Bone "object_1"}
	{Position -54.7372	0.159714	-26.1527}
}
{Volume "body_vol4"
	{Box 20.1204 57.4554 2.93615}
	{Bone "object_1"}
	{Matrix34
		0.975992	0	-0.217805
		0	1	0
		0.217805	0	0.975992
		74.385	0.0952301	-17.8635
	}
}
{Volume "body_vol5"
	{Box 47.0103 17.9745 1.84354}
	{Bone "object_1"}
	{Matrix34
		0.711584	0	0.702601
		-0.702601	0	0.711584
		0	-1	0
		74.2071	0.0913981	-17.0522
	}
}
