;Exported by: Vnab
;Date:        Thu Dec 11 16:10:20 2014
;File:        C:\Users\Vnab\Desktop\Моддинг\МОДЕЛИ Готовые\Конвертированные\town_e\0Ita\ita_house2\ita_house2.max
{Skeleton
	{bone "basis"
		{Orientation
			1	0	0
			0	-1	0
			0	0	1
		}
		{bone "group01"
			{Matrix34
				0.993775	-0.111403	0
				0.0225706	0.201341	-0.979261
				0.109093	0.973166	0.202602
				-11.3956	4.04838	61.7729
			}
			{VolumeView "group01.ply"}
		}
	}
}
{Obstacle "body"
	{Obb2
		{Center -10.6741 -6.6242}
		{Extent 179.087 46.9498}
		{Axis 1 0}
	}
	{Rotate}
	{Tags  "body"}
}
{Obstacle "body_vol2"
	{Obb2
		{Center -0.462143 -8.4329}
		{Extent 66.397 71.8731}
		{Axis 1 0}
	}
	{Rotate}
	{Tags  "body"}
}
{Volume "body"
	{Box 358.174 93.8996 58.0822}
	{Bone "group01"}
	{Matrix34
		0.993775	0.0225706	0.109093
		-0.111404	0.201341	0.973166
		0	-0.979261	0.202602
		0.430009	33.9447	-4.32686
	}
}
{Volume "body_vol2"
	{Box 132.794 143.746 110.356}
	{Bone "group01"}
	{Matrix34
		0.993775	0.0225706	0.109093
		-0.111404	0.201341	0.973166
		0	-0.979261	0.202602
		10.3769	8.94422	3.84282
	}
}
