;Exported by: Vnab
;Date:        Thu Nov 13 16:01:20 2014
;File:        C:\Users\Vnab\Desktop\Моддинг\МОДЕЛИ Готовые\Конвертированные\Decor\crutch_wall_01_wood\crutch_wall_01_wood.max
{Skeleton
	{bone "basis"
		{Orientation
			1	0	0
			0	-1	0
			0	0	1
		}
		{bone "group001"
			{Matrix34
				0.999673	0.0255875	0
				-0.0255875	0.999673	0
				0	0	1
				2.76639	-5.51807	59.5467
			}
			{VolumeView "group001.ply"}
		}
	}
}
{Obstacle "body"
	{Obb2
		{Center -14.8344 -26.6916}
		{Extent 1.94872 1.62395}
		{Axis 1 0}
	}
	{Rotate}
	{Tags  "body"}
}
{Obstacle "body_vol2"
	{Obb2
		{Center 14.178 -26.6916}
		{Extent 1.94873 1.62395}
		{Axis 1 0}
	}
	{Rotate}
	{Tags  "body"}
}
{Obstacle "body_vol5"
	{Obb2
		{Center -15.1156 28.264}
		{Extent 14.2635 3.10549}
		{Axis 0.883064 0.469253}
	}
	{Rotate}
	{Tags  "body"}
}
{Obstacle "body_vol6"
	{Obb2
		{Center 26.8355 25.4047}
		{Extent 6.43046 4.36353}
		{Axis 1 0}
	}
	{Rotate}
	{Tags  "body"}
}
{Volume "body"
	{Box 3.89745 117.573 3.24787}
	{Bone "group001"}
	{Matrix34
		0.999673	-0.0255876	0
		0	0	1
		-0.0255876	-0.999673	0
		-16.7708	32.6495	-1.05334
	}
}
{Volume "body_vol2"
	{Box 3.89745 122.77 3.24788}
	{Bone "group001"}
	{Matrix34
		0.999673	-0.0255876	0
		0	0	1
		-0.0255876	-0.999673	0
		12.232	31.9071	0.930908
	}
}
{Volume "body_vol3"
	{Box 20.1368 125.368 4.54702}
	{Bone "group001"}
	{Matrix34
		0.965717	-0.2596	0
		0.120276	0.447431	0.886194
		-0.230056	-0.855812	0.463315
		-11.1414	4.9069	0.689827
	}
}
{Volume "body_vol4"
	{Box 4.54702 120.821 4.54702}
	{Bone "group001"}
	{Matrix34
		0.996005	-0.0254937	0.0855866
		-0.0656658	0.440446	0.895374
		-0.0605228	-0.897417	0.437012
		18.4722	6.1986	-0.998635
	}
}
{Volume "body_vol5"
	{Box 28.4778 8.4974 5.97114}
	{Bone "group001"}
	{Matrix34
		0.866592	-0.499017	0
		0	0	1
		-0.499017	-0.866592	0
		-18.4581	-22.2809	-57.6653
	}
}
{Volume "body_vol6"
	{Box 12.8609 8.4974 8.72706}
	{Bone "group001"}
	{Matrix34
		0.999673	-0.0255876	0
		0	0	1
		-0.0255876	-0.999673	0
		23.5524	-20.496	-57.4356
	}
}
