;Exported by: user
;Date:        Fri Aug 01 23:32:25 2014
;File:        C:\Users\user\Desktop\Моддинг\МОДЕЛИ\Готовые\окружение\tros_tow_double\tros_tow_double.max
{Skeleton
	{bone "basis"
		{Orientation
			1	0	0
			0	-1	0
			0	0	1
		}
		{bone "group001"
			{Matrix34
				0.880206	-0.474592	0
				0.397721	0.737637	-0.545628
				0.258951	0.480265	0.838027
				-2.9127	-5.39129	0.231714
			}
			{VolumeView "group001.ply"}
		}
	}
}
{Volume "body"
	{Box 0.997682 29.9304 0.74826}
	{Bone "group001"}
	{Matrix34
		0.843527	0.450093	0.293049
		-0.537086	0.706899	0.460252
		0	-0.545628	0.838027
		7.26056	-3.21883	-1.9258
	}
}
{Volume "body_vol2"
	{Box 20.4586 0.5291 0.5291}
	{Bone "group001"}
	{Matrix34
		0.79679	0.506383	0.329699
		-0.604256	0.667732	0.434751
		0	-0.545628	0.838028
		6.68068	13.536	8.8523
	}
}
