;Exported by: Vnab
;Date:        Tue Oct 07 14:55:54 2014
;File:        C:\Users\Vnab\Desktop\Моддинг\Модели нов\Air Conflicts.Secret Wars\Здания\Африка\castle_a_01\castle_a_01.max
{Skeleton
	{bone "basis"
		{Orientation
			1	0	0
			0	-1	0
			0	0	1
		}
		{bone "group001"
			{Matrix34
				0.705781	0.687873	0.169426
				-0.660384	0.725396	-0.194147
				-0.256449	0.0251386	0.966231
				113.73	26.4185	114.84
			}
			{VolumeView "group001.ply"}
		}
	}
}
{Obstacle "body"
	{Obb2
		{Center -2.23777 4.17522}
		{Extent 64.593 64.4171}
		{Axis 0.97817 0.207808}
	}
	{Rotate}
	{Tags  "body"}
}
{Obstacle "body_vol10"
	{Obb2
		{Center 182.9 306.666}
		{Extent 56.8031 52.4262}
		{Axis 1 0}
	}
	{Rotate}
	{Tags  "body"}
}
{Obstacle "body_vol11"
	{Obb2
		{Center -25.559 291.668}
		{Extent 100.805 67.2054}
		{Axis 1 0}
	}
	{Rotate}
	{Tags  "body"}
}
{Obstacle "body_vol12"
	{Obb2
		{Center -413.189 -197.126}
		{Extent 9.5007 7.94112}
		{Axis 0.754947 0.655785}
	}
	{Rotate}
	{Tags  "body"}
}
{Obstacle "body_vol2"
	{Obb2
		{Center 359.443 -50.7293}
		{Extent 45.6025 502.967}
		{Axis 1 0}
	}
	{Rotate}
	{Tags  "body"}
}
{Obstacle "body_vol3"
	{Obb2
		{Center 109.293 405.741}
		{Extent 208.493 49.888}
		{Axis 1 0}
	}
	{Rotate}
	{Tags  "body"}
}
{Obstacle "body_vol4"
	{Obb2
		{Center -307.144 210.672}
		{Extent 322.082 49.478}
		{Axis 0.754947 0.655785}
	}
	{Rotate}
	{Tags  "body"}
}
{Obstacle "body_vol6"
	{Obb2
		{Center -248.049 -290.719}
		{Extent 37.432 371.6}
		{Axis 0.754947 0.655785}
	}
	{Rotate}
	{Tags  "body"}
}
{Obstacle "body_vol7"
	{Obb2
		{Center 207.576 -505.303}
		{Extent 191.424 47.2437}
		{Axis 0.999848 0.0174436}
	}
	{Rotate}
	{Tags  "body"}
}
{Obstacle "body_vol8"
	{Obb2
		{Center -354.528 -191.443}
		{Extent 39.2154 58.0836}
		{Axis 0.754947 0.655785}
	}
	{Rotate}
	{Tags  "body"}
}
{Obstacle "body_vol9"
	{Obb2
		{Center -368.248 -248.949}
		{Extent 9.77834 7.59289}
		{Axis 0.754947 0.655785}
	}
	{Rotate}
	{Tags  "body"}
}
{Volume "body"
	{Box 128.547 127.863 125.812}
	{Bone "group001"}
	{Matrix34
		0.819152	0.572746	-0.0308736
		-0.545574	0.794643	0.266254
		0.177029	-0.201259	0.963409
		-112.732	65.6667	-27.1491
	}
}
{Volume "body_vol10"
	{Box 112.82 104.852 73.4907}
	{Bone "group001"}
	{Matrix34
		0.703912	-0.658252	-0.266856
		0.687873	0.725396	0.0251383
		0.177029	-0.201258	0.963409
		-195.345	-270.058	-111.908
	}
}
{Volume "body_vol11"
	{Box 200.649 134.411 90.2564}
	{Bone "group001"}
	{Matrix34
		0.703912	-0.658252	-0.266856
		0.687873	0.725396	0.0251383
		0.177029	-0.201258	0.963409
		-330.353	-123.58	-47.7994
	}
}
{Volume "body_vol12"
	{Box 18.2518 15.23 91.3799}
	{Bone "group001"}
	{Matrix34
		0.0806827	-0.972607	-0.218005
		0.980893	0.116325	-0.155941
		0.177029	-0.201258	0.963409
		-266.903	486.053	68.4783
	}
}
{Volume "body_vol2"
	{Box 1005.66 87.0285 92.8304}
	{Bone "group001"}
	{Matrix34
		0.690096	0.723311	0.0242943
		-0.701733	0.660543	0.266935
		0.177029	-0.201259	0.963409
		176.847	-129.395	-138.226
	}
}
{Volume "body_vol3"
	{Box 98.4615 415.726 90.2564}
	{Bone "group001"}
	{Matrix34
		0.690096	0.723311	0.0242943
		-0.701733	0.660543	0.266935
		0.177029	-0.201259	0.963409
		-313.458	-295.595	-84.1865
	}
}
{Volume "body_vol4"
	{Box 92.9914 642.735 84.7863}
	{Bone "group001"}
	{Matrix34
		0.980215	0.124116	-0.15419
		-0.0885417	0.971643	0.219248
		0.177029	-0.201259	0.963409
		-472.891	120.574	29.2099
	}
}
{Volume "body_vol6"
	{Box 73.8461 742.564 88.8889}
	{Bone "group001"}
	{Matrix34
		0.0806827	-0.972607	-0.218005
		0.980893	0.116325	-0.155941
		0.177029	-0.201258	0.963409
		-86.0505	444.982	28.0253
	}
}
{Volume "body_vol7"
	{Box 92.9914 381.538 90.2564}
	{Bone "group001"}
	{Matrix34
		-0.697358	-0.716401	-0.0215161
		0.694516	-0.668031	-0.267173
		0.177029	-0.201259	0.963409
		382.411	300.573	-87.5135
	}
}
{Volume "body_vol8"
	{Box 76.9231 114.872 179.829}
	{Bone "group001"}
	{Matrix34
		0.0806827	-0.972607	-0.218005
		0.980893	0.116325	-0.155941
		0.177029	-0.201258	0.963409
		-222.024	434.729	95.4142
	}
}
{Volume "body_vol9"
	{Box 18.8034 14.5299 91.8634}
	{Bone "group001"}
	{Matrix34
		0.0806827	-0.972607	-0.218005
		0.980893	0.116325	-0.155941
		0.177029	-0.201258	0.963409
		-199.578	494.014	58.0213
	}
}
