;Exported by: Vnab
;Date:        Thu Nov 06 16:29:10 2014
;File:        C:\Users\Vnab\Desktop\Моддинг\Модели нов\Codename Panzers Cold War\Окружение\playground_caceli_wood\playground_caceli_wood.max
{Skeleton
	{bone "basis"
		{Orientation
			1	0	0
			0	-1	0
			0	0	1
		}
		{bone "group001"
			{Matrix34
				0.999746	-0.0225182	0
				0.00383243	0.17015	-0.985411
				0.0221896	0.985161	0.170193
				0.106368	-0.276318	8.77488
			}
			{VolumeView "group001.ply"}
		}
	}
}
{Obstacle "body"
	{Obb2
		{Center -0.039715 0.0946617}
		{Extent 0.439811 2.54266}
		{Axis 1 0}
	}
	{Rotate}
	{Tags  "body"}
}
{Obstacle "body_vol2"
	{Obb2
		{Center -0.0980558 0.0738155}
		{Extent 29.849 0.811692}
		{Axis 1 0}
	}
	{Rotate}
	{Tags  "body"}
}
{Volume "body"
	{Box 0.879621 5.08531 9.12607}
	{Bone "group001"}
	{Matrix34
		0.999746	0.00383244	0.0221897
		-0.0225182	0.17015	0.985161
		0	-0.985411	0.170193
		-0.150137	4.18075	-0.541108
	}
}
{Volume "body_vol2"
	{Box 60.3599 1.62337 1.77095}
	{Bone "group001"}
	{Matrix34
		0.983519	0.180593	-0.00871034
		-0.0225179	0.17015	0.985161
		0.179395	-0.968729	0.171412
		-0.208932	0.966379	0.0338713
	}
}
