;Exported by: Vnab
;Date:        Mon Feb 09 13:17:44 2015
;File:        C:\Users\Vnab\Desktop\Моддинг\trawler_armored\trawler_armored.max
{Skeleton
	{bone "basis"
		{Orientation
			1	0	0
			0	-1	0
			0	0	1
		}
		{bone "drawcall_0055"
			{Matrix34
				0.996917	-0.0784591	0
				0.0781606	0.993124	-0.0871557
				0.00683816	0.0868871	0.996195
				-258.721	-2490.12	337.44
			}
			{VolumeView "drawcall_0055.ply"}
		}
		{bone "drawcall_0056"
			{Matrix34
				0.996917	-0.0784591	0
				0.0781606	0.993124	-0.0871557
				0.00683816	0.0868871	0.996195
				-258.721	-2490.12	337.44
			}
			{VolumeView "drawcall_0056.ply"}
		}
		{bone "group001"
			{Matrix34
				0	1	0
				-1	0	0
				0	0	1
				-2.39165	136.332	211.724
			}
			{VolumeView "group001.ply"}
		}
	}
}
{Obstacle "body"
	{Obb2
		{Center -2.24258 -202.773}
		{Extent 100.656 391.709}
		{Axis 1 0}
	}
	{Rotate}
	{Tags  "body"}
}
{Obstacle "body_vol2"
	{Obb2
		{Center -4.25813 -642.69}
		{Extent 65.6006 69.2299}
		{Axis 1 0}
	}
	{Rotate}
	{Tags  "body"}
}
{Obstacle "body_vol3"
	{Obb2
		{Center -1.4348 301.34}
		{Extent 41.2326 103.618}
		{Axis 1 0}
	}
	{Rotate}
	{Tags  "body"}
}
{Obstacle "body_vol4"
	{Obb2
		{Center 0.430351 -312.921}
		{Extent 57.4541 218.669}
		{Axis 1 0}
	}
	{Rotate}
	{Tags  "body"}
}
{Obstacle "body_vol5"
	{Obb2
		{Center -1.56782 122.124}
		{Extent 47.5926 114.908}
		{Axis 1 0}
	}
	{Rotate}
	{Tags  "body"}
}
{Volume "body"
	{Box 783.418 201.312 84.8905}
	{Bone "group001"}
	{Position 66.4416	-0.149055	-167.858}
}
{Volume "body_vol2"
	{Box 132.916 131.201 47.1638}
	{Bone "group001"}
	{Matrix34
		0.861587	0	0.50761
		0	1	0
		-0.50761	0	0.861587
		506.358	1.86652	-159.846
	}
}
{Volume "body_vol3"
	{Box 198.886 82.4651 127.336}
	{Bone "group001"}
	{Matrix34
		0.997594	0	-0.0693329
		0	1	0
		0.0693329	0	0.997593
		-437.672	-0.95688	-145.757
	}
}
{Volume "body_vol4"
	{Box 437.337 114.908 44.5912}
	{Bone "group001"}
	{Position 176.589	-2.82198	-103.916}
}
{Volume "body_vol5"
	{Box 229.816 95.1852 36.016}
	{Bone "group001"}
	{Position -258.456	-0.823845	-108.203}
}
