;Exported by: Vnab
;Date:        Tue Oct 21 12:14:17 2014
;File:        C:\Users\Vnab\Desktop\Моддинг\МОДЕЛИ Готовые\Конвертированные\entourage\0ent_vehicle\marine\sub rus_Щ-102\rus_sha102.max
{Skeleton
	{bone "basis"
		{Orientation
			1	0	0
			0	-1	0
			0	0	1
		}
		{bone "group01"
			{Matrix34
				0.999212	0.0261573	-0.0298407
				-0.0272833	0.998906	-0.0379745
				0.0288147	0.0387588	0.998833
				7.14249	29.3565	36.931
			}
			{VolumeView "group01.ply"}
		}
	}
}
{Obstacle "body"
	{Obb2
		{Center 2.88922 8.61292}
		{Extent 30.8663 306.779}
		{Axis 1 0}
	}
	{Rotate}
	{Tags  "body"}
}
{Obstacle "body_vol2"
	{Obb2
		{Center 1.76319 -11.6255}
		{Extent 15.7405 63.9475}
		{Axis 1 0}
	}
	{Rotate}
	{Tags  "body2"}
}
{Volume "body"
	{Cylinder 30.8663 613.558}
	{Bone "group01"}
	{Matrix34
		0.999213	-0.0272832	0.0288146
		-0.0298406	-0.0379745	0.998833
		-0.0261572	-0.998906	-0.0387587
		-4.14986	-36.4207	-38.187
	}
}
{Volume "body_vol2"
	{Polyhedron "body_vol2.vol"}
	{Bone "group01"}
	{Matrix34
		0.999212	-0.0272832	0.0288146
		0.0261572	0.998906	0.0387587
		-0.0298406	-0.0379745	0.998833
		-5.02945	-16.5348	-27.9349
	}
}
