;Exported by: Vorabat
;Date:        Mon Apr 26 22:19:58 2010
;File:        C:\Users\Vorabat\Documents\3dsmax\scenes\bus stop.max
{Skeleton
	{bone "body"
		{Orientation
			1	0	0
			0	-1	0
			0	0	1
		}
		{VolumeView "body.ply"}
	}
}
{Obstacle "box01"
	{Obb2
		{Center -22.9053 -0.300133}
		{Extent 1.8476 42.2107}
		{Axis 1 0}
	}
	{Rotate}
	{Tags  "body"}
}
{Obstacle "box02"
	{Obb2
		{Center -15.7167 -2.62733}
		{Extent 4.77358 0.602978}
		{Axis 1 0}
	}
	{Rotate}
	{Tags  "body"}
}
{Obstacle "box03"
	{Obb2
		{Center -15.5157 23.954}
		{Extent 4.57259 1.05521}
		{Axis 1 0}
	}
	{Rotate}
	{Tags  "body"}
}
{Obstacle "box04"
	{Obb2
		{Center -15.7571 10.8449}
		{Extent 5.04538 21.8159}
		{Axis 1 0}
	}
	{Rotate}
	{Tags  "body"}
}
{Obstacle "box05"
	{Obb2
		{Center -6.66913 40.4065}
		{Extent 18.1128 2.27398}
		{Axis 1 0}
	}
	{Rotate}
	{Tags  "body"}
}
{Obstacle "box06"
	{Obb2
		{Center -6.66913 -40.4539}
		{Extent 18.1128 2.27398}
		{Axis 1 0}
	}
	{Rotate}
	{Tags  "body"}
}
{Volume "box01"
	{Box 3.69521 84.4213 47.185}
	{Bone "body"}
	{Position -22.9054	0.300133	23.5925}
}
{Volume "box02"
	{Box 9.54716 1.20596 10.7531}
	{Bone "body"}
	{Position -15.7167	2.62733	5.37656}
}
{Volume "box03"
	{Box 9.14517 2.11042 10.5521}
	{Bone "body"}
	{Position -15.5157	-23.954	5.27606}
}
{Volume "box04"
	{Box 10.0908 43.6319 1.42123}
	{Bone "body"}
	{Position -15.7571	-10.8449	10.3592}
}
{Volume "box05"
	{Polyhedron "box05.vol"}
	{Bone "body"}
	{Position -9.00622	-40.4065	0}
}
{Volume "box06"
	{Polyhedron "box06.vol"}
	{Bone "body"}
	{Position -9.00622	40.4539	0}
}
{Volume "box07"
	{Box 60.2979 95.2706 2.41191}
	{Bone "body"}
	{Matrix34
		0.983377	0	0.181577
		0	1	0
		-0.181577	0	0.983377
		0.325624	-0.335269	51.2391
	}
}
{Volume "box08"
	{Box 10.6526 4.62284 47.6353}
	{Bone "body"}
	{Position -18.7501	-40.6077	23.8176}
}
{Volume "box09"
	{Box 10.6526 4.62284 47.6353}
	{Bone "body"}
	{Matrix34
		1.02226	0	-0.306484
		0	0.990418	0
		0.277099	0	1.13067
		6.97986	-40.6077	26.9298
	}
}
{Volume "box10"
	{Box 36.7817 5.42681 7.83872}
	{Bone "body"}
	{Matrix34
		0.983415	0	0.181371
		0	1	0
		-0.181371	0	0.983415
		-4.44462	-40.4443	46.3537
	}
}
{Volume "box11"
	{Box 36.7817 5.42681 7.83872}
	{Bone "body"}
	{Matrix34
		0.983415	0	0.181371
		0	1	0
		-0.181371	0	0.983415
		-4.44462	40.038	46.3537
	}
}
{Volume "box12"
	{Box 10.6526 4.62284 47.6353}
	{Bone "body"}
	{Matrix34
		1.02226	0	-0.306484
		0	0.990418	0
		0.277099	0	1.13067
		6.97986	39.8746	26.9298
	}
}
{Volume "box13"
	{Box 10.6526 4.62284 47.6353}
	{Bone "body"}
	{Position -18.7501	39.8746	23.8176}
}
