;Exported by: user
;Date:        Fri Aug 08 16:10:37 2014
;File:        C:\Users\user\Desktop\Моддинг\МОДЕЛИ\Готовые\техника\Air\Mitchel B-25\Mitchel B-25.max
{Skeleton
	{bone "basis"
		{Orientation
			1	0	0
			0	-1	0
			0	0	1
		}
		{bone "group001"
			{Matrix34
				0.999963	-0.00859679	0
				0.00859436	0.99968	0.0237931
				-0.000204544	-0.0237922	0.999717
				-0.479728	30.908	48.9545
			}
			{VolumeView "group001.ply"}
		}
	}
}
{Obstacle "body"
	{Obb2
		{Center -0.78321 16.3913}
		{Extent 10.0772 91.0864}
		{Axis 1 0}
	}
	{Rotate}
	{Tags  "body"}
}
{Obstacle "body_vol2"
	{Obb2
		{Center -0.680477 -124.112}
		{Extent 8.12233 50.693}
		{Axis 1 0}
	}
	{Rotate}
	{Tags  "body"}
}
{Obstacle "body_vol3"
	{Obb2
		{Center -0.305267 -6.46758}
		{Extent 173.629 13.825}
		{Axis 1 0}
	}
	{Rotate}
	{Tags  "body"}
}
{Obstacle "body_vol4"
	{Obb2
		{Center -1.09182 -147.765}
		{Extent 52.7515 16.1218}
		{Axis 1 0}
	}
	{Rotate}
	{Tags  "body"}
}
{Obstacle "body_vol5"
	{Obb2
		{Center -1.10128 2.79048}
		{Extent 59.3783 9.80803}
		{Axis 1 0}
	}
	{Rotate}
	{Tags  "body"}
}
{Obstacle "body_vol6"
	{Obb2
		{Center -0.454736 82.3177}
		{Extent 2.81948 6.25188}
		{Axis 1 0}
	}
	{Rotate}
	{Tags  "body"}
}
{Volume "body"
	{Box 20.1462 181.316 38.1718}
	{Bone "group001"}
	{Matrix34
		0.999963	0.00859658	0
		-0.00859658	0.999963	0
		0	0	1
		0.103152	-47.31	0.152296
	}
}
{Volume "body_vol2"
	{Box 15.3747 100.731 23.3272}
	{Bone "group001"}
	{Position -1.002	93.2932	2.85564}
}
{Volume "body_vol3"
	{Box 347.257 27.5685 3.71115}
	{Bone "group001"}
	{Matrix34
		0.999963	0.00859658	0
		-0.00859658	0.999963	0
		0	0	1
		0.384558	-24.5242	-3.32882
	}
}
{Volume "body_vol4"
	{Box 105.237 31.2796 2.9159}
	{Bone "group001"}
	{Position -1.61667	117.151	11.3754}
}
{Volume "body_vol5"
	{Box 118.757 19.616 19.616}
	{Bone "group001"}
	{Matrix34
		0.999963	0.00859414	-0.000204539
		-0.00859658	0.99968	-0.0237924
		0	0.0237933	0.999717
		-0.331826	-34.6245	-38.3336
	}
}
{Volume "body_vol6"
	{Box 12.5038 12.9941 5.63895}
	{Bone "group001"}
	{Matrix34
		0.00859658	-0.99968	0.0237919
		0	0.0237928	0.999717
		-0.999963	-0.00859415	0.000204461
		0.998368	-114.196	-39.5867
	}
}
