;Exported by: Vnab
;Date:        Wed Nov 12 12:51:20 2014
;File:        C:\Users\Vnab\Desktop\Моддинг\Модели нов\Blazing Angels\Техника\B5N2_pal_bomp_jap\B5N2_pal_bomp_jap.max
{Skeleton
	{bone "basis"
		{Orientation
			1	0	0
			0	-1	0
			0	0	1
		}
		{bone "group001"
			{Matrix34
				-0.860404	0.509611	-0.00111626
				-0.506845	-0.855958	-0.102199
				-0.0530373	-0.0873667	0.994763
				10.7289	12.5224	32.5328
			}
			{VolumeView "group001.ply"}
		}
	}
}
{Obstacle "body"
	{Obb2
		{Center 2.83571 -25.5769}
		{Extent 9.8599 85.8957}
		{Axis 0.999391 0.0348818}
	}
	{Rotate}
	{Tags  "body"}
}
{Obstacle "body_vol2"
	{Obb2
		{Center -1.63385 3.53572}
		{Extent 125.627 15.6252}
		{Axis 1 0}
	}
	{Rotate}
	{Tags  "body"}
}
{Obstacle "body_vol3"
	{Obb2
		{Center 0.635735 -100.5}
		{Extent 39.4547 6.4386}
		{Axis 1 0}
	}
	{Rotate}
	{Tags  "body"}
}
{Obstacle "body_vol4"
	{Obb2
		{Center 0.438134 -102.62}
		{Extent 0.705053 11.4494}
		{Axis 1 0}
	}
	{Rotate}
	{Tags  "body"}
}
{Obstacle "body_vol5"
	{Obb2
		{Center -0.245243 24.6708}
		{Extent 39.7012 5.12254}
		{Axis 1 0}
	}
	{Rotate}
	{Tags  "body"}
}
{Obstacle "body_vol6"
	{Obb2
		{Center -0.556419 -0.566104}
		{Extent 3.32381 23.0508}
		{Axis 1 0}
	}
	{Rotate}
	{Tags  "body"}
}
{Obstacle "body_vol7"
	{Obb2
		{Center 0.362968 -105.651}
		{Extent 0.780589 1.38544}
		{Axis 1 0}
	}
	{Rotate}
	{Tags  "body"}
}
{Volume "body"
	{Polyhedron "body.vol"}
	{Bone "group001"}
	{Matrix34
		-0.860404	-0.506845	-0.0530373
		0.11468	-0.293972	0.948909
		-0.496542	0.810363	0.31106
		-26.6642	64.1106	23.7316
	}
}
{Volume "body_vol2"
	{Box 251.253 31.5677 4.50968}
	{Bone "group001"}
	{Matrix34
		-0.860404	-0.506845	-0.0530373
		0.480431	-0.772017	-0.416145
		0.169975	-0.383533	0.907751
		2.45429	20.0815	1.37318
	}
}
{Volume "body_vol3"
	{Box 78.9094 12.7609 2.34384}
	{Bone "group001"}
	{Matrix34
		-0.860404	-0.506845	-0.0530373
		0.486558	-0.786069	-0.381258
		0.151548	-0.353842	0.922946
		53.5429	-67.9428	-29.0159
	}
}
{Volume "body_vol4"
	{Box 17.1226 27.5976 1.4101}
	{Bone "group001"}
	{Matrix34
		-0.496766	0.810941	0.309189
		0.113701	-0.292375	0.949521
		0.860404	0.506845	0.0530372
		54.7808	-70.7973	-18.0933
	}
}
{Volume "body_vol5"
	{Box 79.4025 10.1468 13.2069}
	{Bone "group001"}
	{Matrix34
		-0.860404	-0.506846	-0.0530373
		0.509605	-0.855171	-0.0947889
		0.00268737	-0.108585	0.994084
		-9.48321	40.0283	-21.7707
	}
}
{Volume "body_vol6"
	{Box 45.5259 8.05769 6.64759}
	{Bone "group001"}
	{Matrix34
		-0.493956	0.803845	0.331421
		0.125345	-0.311354	0.941991
		0.860404	0.506844	0.0530374
		3.60196	14.5923	14.8972
	}
}
{Volume "body_vol7"
	{Box 2.71947 6.89939 1.56118}
	{Bone "group001"}
	{Matrix34
		-0.509605	0.855171	0.0947891
		0.00268737	-0.108585	0.994084
		0.860404	0.506845	0.0530374
		56.4108	-71.4909	-36.4915
	}
}
