;Exported by: Vnab
;Date:        Wed Nov 19 15:28:10 2014
;File:        C:\Users\Vnab\Desktop\Моддинг\МОДЕЛИ Готовые\Конвертированные\entourage\0ent_vehicle\car\gruz_med_razr\gaz_med_razr.max
{Skeleton
	{bone "basis"
		{Orientation
			1	0	0
			0	-1	0
			0	0	1
		}
		{bone "group01"
			{Matrix34
				1	0	0
				0	0.998752	-0.0499517
				0	0.0499517	0.998752
				-1.02896	9.61101	20.0266
			}
			{VolumeView "group01.ply"}
		}
	}
}
{Obstacle "body"
	{Obb2
		{Center -1.98113 -12.5254}
		{Extent 15.5916 34.0554}
		{Axis 1 0}
	}
	{Rotate}
	{Tags  "body"}
}
{Obstacle "body_vol2"
	{Obb2
		{Center -1.10352 34.7938}
		{Extent 12.7195 13.1298}
		{Axis 1 0}
	}
	{Rotate}
	{Tags  "body"}
}
{Volume "body"
	{Box 31.1832 68.1107 38.1584}
	{Bone "group01"}
	{Matrix34
		1	0	0
		0	0.998752	0.049952
		0	-0.049952	0.998752
		-0.952168	2.95806	-0.800623
	}
}
{Volume "body_vol2"
	{Box 25.4389 26.2596 21.1307}
	{Bone "group01"}
	{Matrix34
		1	0	0
		0	0.998752	0.049952
		0	-0.049952	0.998752
		-0.0745506	-43.8767	-11.6675
	}
}
