;Exported by: Vnab
;Date:        Wed Dec 03 13:47:29 2014
;File:        C:\Users\Vnab\Desktop\Моддинг\МОДЕЛИ Готовые\Здания\Россия\house_ru11_2et_town_ugol\house_ru11_2et_town_ugol.max
{Skeleton
	{bone "basis"
		{Orientation
			1	0	0
			0	-1	0
			0	0	1
		}
		{bone "group001"
			{Matrix34
				0.517573	0.855637	-0.00167313
				-0.429252	0.257961	-0.865563
				-0.740176	0.44871	0.500798
				-18.6662	22.745	49.7838
			}
			{VolumeView "group001.ply"}
		}
	}
}
{Obstacle "body"
	{Obb2
		{Center -35.8355 8.82698}
		{Extent 84.8009 56.3156}
		{Axis 1 0}
	}
	{Rotate}
	{Tags  "body"}
}
{Obstacle "body_vol2"
	{Obb2
		{Center 10.028 -40.5689}
		{Extent 56.4905 81.4945}
		{Axis 1 0}
	}
	{Rotate}
	{Tags  "body"}
}
{Volume "body"
	{Box 169.602 112.631 116.685}
	{Bone "group001"}
	{Matrix34
		0.517573	-0.429252	-0.740177
		0.855638	0.257961	0.44871
		-0.00167287	-0.865563	0.500798
		-35.9123	-6.8566	2.06075
	}
}
{Volume "body_vol2"
	{Box 112.981 162.989 113.907}
	{Bone "group001"}
	{Matrix34
		0.517573	-0.429252	-0.740177
		0.855638	0.257961	0.44871
		-0.00167287	-0.865563	0.500798
		30.0927	-12.5987	-10.4178
	}
}
