;Exported by: Vnab
;Date:        Thu Nov 13 17:21:20 2014
;File:        C:\Users\Vnab\Desktop\Моддинг\Модели нов\Company of heroes\Здания\field_fortif_mortar_eng\field_fortif_mortar_eng.max
{Skeleton
	{bone "basis"
		{Orientation
			1	0	0
			0	-1	0
			0	0	1
		}
		{bone "group001"
			{Matrix34
				0.973906	0.226954	0
				-0.0413591	0.17748	-0.983255
				-0.223154	0.957597	0.182236
				-0.397322	-0.0906705	-0.901999
			}
			{VolumeView "group001.ply"}
		}
	}
}
{Obstacle "body"
	{Obb2
		{Center -41.0756 -5.839}
		{Extent 9.0739 50.0439}
		{Axis 1 0}
	}
	{Rotate}
	{Tags  "body"}
}
{Obstacle "body_vol2"
	{Obb2
		{Center 38.3896 -6.38893}
		{Extent 8.249 48.944}
		{Axis 1 0}
	}
	{Rotate}
	{Tags  "body"}
}
{Obstacle "body_vol3"
	{Obb2
		{Center -0.152905 -43.7845}
		{Extent 31.0712 5.91179}
		{Axis 1 0}
	}
	{Rotate}
	{Tags  "body"}
}
{Obstacle "body_vol5"
	{Obb2
		{Center 55.7084 -9.93468}
		{Extent 5.22437 18.2853}
		{Axis 1 0}
	}
	{Rotate}
	{Tags  "body"}
}
{Obstacle "body_vol6"
	{Obb2
		{Center 5.19225 -54.3879}
		{Extent 4.41883 12.1677}
		{Axis 0.157142 0.987576}
	}
	{Rotate}
	{Tags  "body"}
}
{Obstacle "body_vol7"
	{Obb2
		{Center -50.3993 40.1247}
		{Extent 6.70786 13.999}
		{Axis 1 0}
	}
	{Rotate}
	{Tags  "body"}
}
{Obstacle "body_vol8"
	{Obb2
		{Center 19.1094 48.388}
		{Extent 9.72154 5.73571}
		{Axis 1 0}
	}
	{Rotate}
	{Tags  "body"}
}
{Volume "body"
	{Box 18.1478 100.088 32.996}
	{Bone "group001"}
	{Matrix34
		0.973906	-0.0413592	-0.223154
		0.226954	0.17748	0.957597
		0	-0.983255	0.182236
		-38.271	2.49189	14.8008
	}
}
{Volume "body_vol2"
	{Box 16.498 97.8881 34.6458}
	{Bone "group001"}
	{Matrix34
		0.973906	-0.0413592	-0.223154
		0.226954	0.17748	0.957597
		0	-0.983255	0.182236
		39.2454	-1.50823	-2.25523
	}
}
{Volume "body_vol3"
	{Box 62.1424 11.8236 33.5459}
	{Bone "group001"}
	{Matrix34
		0.973906	-0.0413592	-0.223154
		0.226954	0.17748	0.957597
		0	-0.983255	0.182236
		10.1957	7.26352	42.0553
	}
}
{Volume "body_vol4"
	{Box 62.0234 8.36052 26.8314}
	{Bone "group001"}
	{Matrix34
		0.973906	-0.0413592	-0.223154
		0.226954	0.17748	0.957597
		0	-0.983255	0.182236
		-7.3809	-2.72727	-30.2736
	}
}
{Volume "body_vol5"
	{Box 10.4487 36.5706 32.996}
	{Bone "group001"}
	{Matrix34
		0.973906	-0.0413592	-0.223154
		0.226954	0.17748	0.957597
		0	-0.983255	0.182236
		56.917	-0.784138	-2.87492
	}
}
{Volume "body_vol6"
	{Box 24.3038 8.74938 32.0811}
	{Bone "group001"}
	{Matrix34
		0.997722	-0.012295	-0.0663371
		0.0674668	0.18182	0.981015
		0	-0.983255	0.182236
		17.8078	9.64432	50.8829
	}
}
{Volume "body_vol7"
	{Box 13.4157 27.998 29.1646}
	{Bone "group001"}
	{Matrix34
		0.973906	-0.0413592	-0.223154
		0.226954	0.17748	0.957597
		0	-0.983255	0.182236
		-57.7831	-3.39647	-27.4824
	}
}
{Volume "body_vol8"
	{Box 19.4431 11.4714 27.998}
	{Bone "group001"}
	{Matrix34
		0.973906	-0.0413592	-0.223154
		0.226954	0.17748	0.957597
		0	-0.983255	0.182236
		8.03644	-7.16413	-51.0128
	}
}
