;Exported by: Vnab
;Date:        Wed Jul 22 16:01:59 2015
;File:        C:\Users\Vnab\Desktop\Моддинг\BK3 model\Здания испан\ita_town_8,1et\ita_town_8,1et.max
{Skeleton
	{bone "basis"
		{Orientation
			1	0	0
			0	-1	0
			0	0	1
		}
		{bone "group001"
			{Matrix34
				0.999993	0	0.00364875
				3.18408e-005	0.999962	-0.00872643
				-0.00364861	0.00872649	0.999955
				-11.4235	6.76219	33.3746
			}
			{VolumeView "group001.ply"}
		}
	}
}
{Obstacle "body"
	{Obb2
		{Center -35.5524 -0.146826}
		{Extent 60.5709 48.7647}
		{Axis 1 0}
	}
	{Rotate}
	{Tags  "body"}
}
{Obstacle "body_vol2"
	{Obb2
		{Center 30.3015 -31.0569}
		{Extent 47.7301 35.5707}
		{Axis 1 0}
	}
	{Rotate}
	{Tags  "body"}
}
{Obstacle "body_vol3"
	{Obb2
		{Center 71.8847 43.5929}
		{Extent 4.31023 4.31023}
		{Axis 1 0}
	}
	{Rotate}
	{Tags  "body"}
}
{Obstacle "body_vol4"
	{Obb2
		{Center 50.1971 25.7622}
		{Extent 24.8956 20.9175}
		{Axis 1 0}
	}
	{Rotate}
	{Tags  "body"}
}
{Volume "body"
	{Box 121.142 97.5294 94.3713}
	{Bone "group001"}
	{Matrix34
		0.999993	3.18408e-005	-0.00364859
		0	0.999962	0.00872653
		0.00364873	-0.00872648	0.999955
		-24.1609	-6.53893	-8.78638
	}
}
{Volume "body_vol2"
	{Box 95.4602 71.1415 67.1488}
	{Bone "group001"}
	{Matrix34
		0.999993	3.18408e-005	-0.00364859
		0	0.999962	0.00872653
		0.00364873	-0.00872648	0.999955
		41.6429	24.4908	-22.3676
	}
}
{Volume "body_vol3"
	{Box 8.62046 8.62046 94.9628}
	{Bone "group001"}
	{Matrix34
		0.999993	3.18408e-005	-0.00364859
		0	0.999962	0.00872653
		0.00364873	-0.00872648	0.999955
		83.2766	-50.2761	-9.26436
	}
}
{Volume "body_vol4"
	{Box 49.7913 41.835 15.656}
	{Bone "group001"}
	{Matrix34
		0.999993	3.18408e-005	-0.00364859
		0	0.999962	0.00872653
		0.00364873	-0.00872648	0.999955
		61.7047	-32.7231	22.6307
	}
}
