;Exported by: Vnab
;Date:        Wed Oct 15 14:09:06 2014
;File:        C:\Users\Vnab\Desktop\Моддинг\Модели нов\Company of heroes\Объекты\boxes_49_wood_2 rows\boxes_49_wood_2 rows.max
{Skeleton
	{bone "basis"
		{Orientation
			1	0	0
			0	-1	0
			0	0	1
		}
		{bone "group001"
			{Matrix34
				0.967109	0.253425	-0.0218407
				-0.0963741	0.285604	-0.95349
				-0.2354	0.924233	0.300634
				-2.34032	0.775047	15.8669
			}
			{VolumeView "group001.ply"}
		}
	}
}
{Obstacle "body"
	{Obb2
		{Center -1.18858 -0.032722}
		{Extent 23.0587 14.0254}
		{Axis 1 0}
	}
	{Rotate}
	{Tags  "body"}
}
{Obstacle "body_vol2"
	{Obb2
		{Center -5.78976 -7.7932}
		{Extent 18.5376 6.47246}
		{Axis 1 0}
	}
	{Rotate}
	{Tags  "body"}
}
{Volume "body"
	{Box 46.1174 28.0508 29.6356}
	{Bone "group001"}
	{Matrix34
		0.967108	-0.096374	-0.2354
		0.253425	0.285604	0.924233
		-0.0218406	-0.95349	0.300634
		0.948651	0.677339	-1.27261
	}
}
{Volume "body_vol2"
	{Box 37.0752 6.03258 12.9449}
	{Bone "group001"}
	{Matrix34
		0.967108	-0.0963741	-0.2354
		-0.0218406	-0.95349	0.300634
		-0.253425	-0.285604	-0.924233
		-1.93355	-14.0842	12.476
	}
}
