;Exported by: Vnab
;Date:        Tue Apr 28 13:39:53 2015
;File:        C:\Users\Vnab\Desktop\Моддинг\DtS нов\Обновл\умывальник\Umivalnik.max
{Skeleton
	{bone "basis"
		{Orientation
			1	0	0
			0	-1	0
			0	0	1
		}
		{bone "group001"
			{Matrix34
				0.998231	-0.0471268	-0.0362465
				-0.0266439	0.190411	-0.981343
				0.0531495	0.980573	0.188818
				-10.3713	2.8379	19.4457
			}
			{VolumeView "group001.ply"}
		}
	}
}
{Obstacle "body"
	{Obb2
		{Center -78.7729 -12.1065}
		{Extent 8.48376 10.1909}
		{Axis 1 0}
	}
	{Rotate}
	{Tags  "body"}
}
{Obstacle "body_vol2"
	{Obb2
		{Center 8.61868 0.309762}
		{Extent 57.5241 5.17303}
		{Axis 1 0}
	}
	{Rotate}
	{Tags  "body"}
}
{Obstacle "body_vol3"
	{Obb2
		{Center 8.20485 -3.32689}
		{Extent 58.1448 0.620768}
		{Axis 1 0}
	}
	{Rotate}
	{Tags  "body"}
}
{Volume "body"
	{Box 16.9675 20.3817 20.3817}
	{Bone "group001"}
	{Matrix34
		0.998231	-0.0266439	0.0531496
		-0.0471269	0.190411	0.980573
		-0.0362465	-0.981343	0.188818
		-69.3415	-13.309	8.70401
	}
}
{Volume "body_vol2"
	{Box 115.048 10.3461 4.55226}
	{Bone "group001"}
	{Matrix34
		0.998231	-0.0266439	0.0531496
		-0.0471269	0.190411	0.980573
		-0.0362465	-0.981343	0.188818
		19.1098	-0.966819	-2.10385
	}
}
{Volume "body_vol3"
	{Box 116.29 1.24153 1.24153}
	{Bone "group001"}
	{Matrix34
		0.998231	-0.0266439	0.0531496
		-0.0471269	0.190411	0.980573
		-0.0362465	-0.981343	0.188818
		18.1905	-9.32947	3.18456
	}
}
