;Exported by: Vnab
;Date:        Mon May 18 16:28:33 2015
;File:        C:\Users\Vnab\Desktop\Моддинг\COH нов\Обновить\Wellington_mk1c_body_eng\Wellington_mk1c_body_eng.max
{Skeleton
	{bone "basis"
		{Orientation
			1	0	0
			0	-1	0
			0	0	1
		}
		{bone "group001"
			{Matrix34
				0.980944	0.177603	-0.0787814
				-0.185821	0.739173	-0.647375
				-0.0567425	0.649678	0.758089
				6.69034	0.835413	21.0523
			}
			{VolumeView "group001.ply"}
		}
	}
}
{Obstacle "body"
	{Obb2
		{Center -2.42058 71.893}
		{Extent 25.5894 19.913}
		{Axis 0.0531045 0.998589}
	}
	{Rotate}
	{Tags  "body"}
}
{Obstacle "body_vol2"
	{Obb2
		{Center -2.91373 -12.6076}
		{Extent 25.4219 60.4993}
		{Axis 1 0}
	}
	{Rotate}
	{Tags  "body"}
}
{Obstacle "body_vol3"
	{Obb2
		{Center 14.8872 -37.593}
		{Extent 11.3475 36.1424}
		{Axis 1 0}
	}
	{Rotate}
	{Tags  "body"}
}
{Volume "body"
	{Box 20.223 48.6686 38.446}
	{Bone "group001"}
	{Matrix34
		0.823209	0.250155	-0.509656
		0.134872	0.785829	0.603558
		0.551486	-0.565593	0.613162
		-22.0155	-53.392	-45.1801
	}
}
{Volume "body_vol2"
	{Box 28.2854 120.999 47.1423}
	{Bone "group001"}
	{Matrix34
		0.833782	0.237655	-0.498324
		0.177603	0.739173	0.649678
		0.522747	-0.630193	0.574101
		-7.40326	9.88652	8.89547
	}
}
{Volume "body_vol3"
	{Box 20.4283 72.2849 11.3142}
	{Bone "group001"}
	{Matrix34
		0.966793	-0.00777961	-0.255442
		0.177603	0.739172	0.649678
		0.183762	-0.673471	0.716009
		15.572	33.8901	13.7627
	}
}
