;Exported by: Vnab
;Date:        Tue Sep 30 15:43:56 2014
;File:        C:\Users\Vnab\Desktop\Моддинг\Модели нов\Company of heroes\Объекты\boxes_mgun15_us_steel\boxes_mgun15_us_steel.max
{Skeleton
	{bone "basis"
		{Orientation
			1	0	0
			0	-1	0
			0	0	1
		}
		{bone "group001"
			{Matrix34
				1	0	0
				0	0.182236	-0.983255
				0	0.983255	0.182236
				-0.0566273	-0.0311947	7.26828
			}
			{VolumeView "group001.ply"}
		}
	}
}
{Obstacle "body"
	{Obb2
		{Center -1.50017 -0.09185}
		{Extent 8.72566 3.64335}
		{Axis 1 0}
	}
	{Rotate}
	{Tags  "body"}
}
{Obstacle "body_vol2"
	{Obb2
		{Center -0.374971 -0.0113194}
		{Extent 3.0469 3.7196}
		{Axis 1 0}
	}
	{Rotate}
	{Tags  "body"}
}
{Volume "body"
	{Box 17.4513 7.28669 9.85847}
	{Bone "group001"}
	{Matrix34
		1	0	0
		0	0.182236	0.983255
		0	-0.983255	0.182236
		-1.44355	2.32231	-0.305275
	}
}
{Volume "body_vol2"
	{Box 6.09381 4.59014 7.43919}
	{Bone "group001"}
	{Matrix34
		1	0	0
		0	-0.983255	0.182236
		0	-0.182236	-0.983255
		-0.318344	-4.80151	0.933146
	}
}
