;Exported by: Vnab
;Date:        Wed Dec 10 12:32:12 2014
;File:        C:\Users\Vnab\Desktop\Моддинг\МОДЕЛИ Готовые\Конвертированные\entourage\0ent_vehicle\Air\d3a_aichi\d3a_aichi.max
{Skeleton
	{bone "basis"
		{Orientation
			1	0	0
			0	-1	0
			0	0	1
		}
		{bone "group001"
			{Matrix34
				-0.181415	0.978828	0.0947858
				-0.978406	-0.169945	-0.117644
				-0.0990446	-0.114081	0.988522
				14.9578	3.07048	31.1835
			}
			{VolumeView "group001.ply"}
		}
	}
}
{Obstacle "body"
	{Obb2
		{Center 20.0443 7.47843}
		{Extent 11.2835 74.1976}
		{Axis 1 0}
	}
	{Rotate}
	{Tags  "body"}
}
{Obstacle "body_vol2"
	{Obb2
		{Center 19.8394 25.8588}
		{Extent 129.937 14.0253}
		{Axis 1 0}
	}
	{Rotate}
	{Tags  "body"}
}
{Obstacle "body_vol3"
	{Obb2
		{Center 19.9244 53.4624}
		{Extent 33.4308 7.268}
		{Axis 1 0}
	}
	{Rotate}
	{Tags  "body"}
}
{Obstacle "body_vol4"
	{Obb2
		{Center 20.5318 -85.2711}
		{Extent 36.7452 9.48835}
		{Axis 1 0}
	}
	{Rotate}
	{Tags  "body"}
}
{Obstacle "body_vol5"
	{Obb2
		{Center 20.1498 -81.7636}
		{Extent 1.56497 17.8882}
		{Axis 1 0}
	}
	{Rotate}
	{Tags  "body"}
}
{Volume "body"
	{Cylinder 11.233 147.024}
	{Bone "group001"}
	{Matrix34
		-0.180727	-0.978526	-0.0991247
		0.298206	-0.150557	0.942553
		-0.937236	0.140785	0.319012
		-11.3236	-3.09056	-0.0850487
	}
}
{Volume "body_vol2"
	{Box 27.7412 259.854 3.80349}
	{Bone "group001"}
	{Matrix34
		0.930382	-0.137406	-0.339866
		0.180727	0.978526	0.0991247
		0.318946	-0.153647	0.935236
		-28.8892	-0.248556	6.0837
	}
}
{Volume "body_vol3"
	{Box 14.3873 66.8513 17.4326}
	{Bone "group001"}
	{Matrix34
		0.979492	-0.169942	-0.10823
		0.180727	0.978526	0.0991248
		0.0890607	-0.116652	0.989172
		-58.3563	7.37862	-16.1457
	}
}
{Volume "body_vol4"
	{Box 18.9629 73.4771 2.68947}
	{Bone "group001"}
	{Matrix34
		0.90903	-0.127708	-0.396681
		0.180727	0.978525	0.0991247
		0.375503	-0.161798	0.912589
		77.5297	-17.041	-29.9463
	}
}
{Volume "body_vol5"
	{Box 18.1113 37.7749 3.10479}
	{Bone "group001"}
	{Matrix34
		0.769085	-0.0777799	-0.634397
		0.613064	-0.190888	0.766625
		-0.180727	-0.978525	-0.0991247
		75.1286	-17.2661	-19.4673
	}
}
