;Exported by: Vnab
;Date:        Fri Nov 14 13:52:38 2014
;File:        C:\Users\Vnab\Desktop\Моддинг\Модели нов\Company of heroes\Здания\field_fortif_gaub_25ft_eng\field_fortif_gaub_25ft_eng.max
{Skeleton
	{bone "basis"
		{Orientation
			1	0	0
			0	-1	0
			0	0	1
		}
		{bone "group001"
			{Matrix34
				-0.515954	-0.856616	0
				0.14875	-0.0895944	-0.984808
				0.843602	-0.508116	0.173648
				3.92744	2.21541	-4.55536
			}
			{VolumeView "group001.ply"}
		}
	}
}
{Obstacle "body"
	{Obb2
		{Center 13.1938 -89.7708}
		{Extent 36.0377 9.98228}
		{Axis 0.981646 0.190713}
	}
	{Rotate}
	{Tags  "body"}
}
{Obstacle "body_vol2"
	{Obb2
		{Center 52.9959 -58.2348}
		{Extent 24.473 9.18784}
		{Axis 0.391277 0.920273}
	}
	{Rotate}
	{Tags  "body"}
}
{Obstacle "body_vol3"
	{Obb2
		{Center -57.1752 -40.7507}
		{Extent 10.4689 60.6772}
		{Axis 0.798832 0.601554}
	}
	{Rotate}
	{Tags  "body"}
}
{Obstacle "body_vol4"
	{Obb2
		{Center -71.8962 17.2546}
		{Extent 21.5467 9.18716}
		{Axis 0.292989 0.956116}
	}
	{Rotate}
	{Tags  "body"}
}
{Obstacle "body_vol5"
	{Obb2
		{Center 67.9364 24.9762}
		{Extent 9.26 26.7137}
		{Axis 0.981646 0.190713}
	}
	{Rotate}
	{Tags  "body"}
}
{Obstacle "body_vol6"
	{Obb2
		{Center 32.9782 66.0959}
		{Extent 10.1967 33.7279}
		{Axis 0.545062 0.838396}
	}
	{Rotate}
	{Tags  "body"}
}
{Obstacle "body_vol7"
	{Obb2
		{Center -18.0416 72.6348}
		{Extent 32.1817 8.68709}
		{Axis 1 0}
	}
	{Rotate}
	{Tags  "body"}
}
{Volume "body"
	{Box 72.037 19.8241 51.096}
	{Bone "group001"}
	{Matrix34
		0.344947	-0.16299	-0.924363
		0.938622	0.0598997	0.339706
		0	-0.984808	0.173648
		-79.7824	-7.93257	-36.4126
	}
}
{Volume "body_vol2"
	{Box 48.8623 18.1488 46.3494}
	{Bone "group001"}
	{Matrix34
		-0.58267	-0.141125	-0.800362
		0.812709	-0.101179	-0.573818
		0	-0.984808	0.173648
		-73.3042	3.15054	12.7764
	}
}
{Volume "body_vol3"
	{Box 121.224 20.1382 47.384}
	{Bone "group001"}
	{Matrix34
		0.995326	-0.0167699	-0.095106
		0.0965738	0.172837	0.980205
		0	-0.984808	0.173648
		-1.48381	-12.1807	-71.1903
	}
}
{Volume "body_vol4"
	{Box 42.9988 18.1488 46.0701}
	{Bone "group001"}
	{Matrix34
		0.671753	0.128634	0.729521
		-0.740775	0.116649	0.661548
		0	-0.984808	0.173648
		55.7999	-8.52618	-54.2497
	}
}
{Volume "body_vol5"
	{Box 53.307 18.1639 49.3584}
	{Bone "group001"}
	{Matrix34
		-0.941567	-0.0584892	-0.331709
		0.336826	-0.163501	-0.927262
		0	-0.984808	0.173648
		-9.73287	11.3464	67.9224
	}
}
{Volume "body_vol6"
	{Box 67.2903 19.8241 51.3752}
	{Bone "group001"}
	{Matrix34
		-0.895749	0.0771972	0.437807
		-0.444561	-0.155545	-0.88214
		0	-0.984808	0.173648
		43.5277	8.83742	59.5003
	}
}
{Volume "body_vol7"
	{Box 64.3633 17.3741 51.3327}
	{Bone "group001"}
	{Matrix34
		-0.515954	0.14875	0.843603
		-0.856616	-0.0895946	-0.508115
		0	-0.984808	0.173648
		75.4529	1.85493	19.7786
	}
}
