;Exported by: Vnab
;Date:        Wed Oct 08 11:17:14 2014
;File:        C:\Users\Vnab\Desktop\Моддинг\Модели нов\Company of heroes\Окружение\dead_cow_brown_01\dead_cow_brown_01.max
{Skeleton
	{bone "basis"
		{Orientation
			1	0	0
			0	-1	0
			0	0	1
		}
		{bone "group001"
			{Matrix34
				0.999756	-2.28818e-005	-0.0221119
				-0.0216931	0.192692	-0.981019
				0.00428324	0.981259	0.192645
				-1.53456	-5.42087	6.22756
			}
			{VolumeView "group001.ply"}
		}
	}
}
{Obstacle "body"
	{Obb2
		{Center -3.07449 -0.426955}
		{Extent 13.961 7.07554}
		{Axis 0.984823 0.173561}
	}
	{Rotate}
	{Tags  "body"}
}
{Obstacle "body_vol2"
	{Obb2
		{Center 15.3538 -2.0369}
		{Extent 5.72642 3.77893}
		{Axis 1 0}
	}
	{Rotate}
	{Tags  "body"}
}
{Volume "body"
	{Box 27.8961 14.0996 11.5223}
	{Bone "group001"}
	{Matrix34
		0.984905	-0.0544645	-0.164305
		0.171679	0.186103	0.967415
		-0.022112	-0.981019	0.192645
		-1.52938	1.61781	5.64178
	}
}
{Volume "body_vol2"
	{Box 8.89791 7.55787 7.45066}
	{Bone "group001"}
	{Matrix34
		0.87144	0.481314	-0.0944966
		-2.29001e-005	0.192692	0.981259
		0.490503	-0.855106	0.167931
		16.9305	3.13036	6.98587
	}
}
