;Exported by: Vnab
;Date:        Thu Jul 23 12:45:36 2015
;File:        C:\Users\Vnab\Desktop\Моддинг\МОДЕЛИ Готовые\Конвертированные\Ruins\ruins_6_2et_ugol_blue\ruins_6_2et_ugol_blue.max
{Skeleton
	{bone "basis"
		{Orientation
			1	0	0
			0	-1	0
			0	0	1
		}
		{bone "group001"
			{Matrix34
				0.00872531	0.999859	0.0143208
				-0.999955	0.00867026	0.00390154
				0.00377682	-0.0143542	0.99989
				10.3312	58.3598	92.3366
			}
			{VolumeView "group001.ply"}
		}
	}
}
{Obstacle "body"
	{Obb2
		{Center 6.09558 -29.7446}
		{Extent 101.929 44.731}
		{Axis 1 0}
	}
	{Rotate}
	{Tags  "body"}
}
{Obstacle "body_vol2"
	{Obb2
		{Center 65.0235 -67.6511}
		{Extent 44.9389 81.5455}
		{Axis 1 0}
	}
	{Rotate}
	{Tags  "body"}
}
{Obstacle "body_vol3"
	{Obb2
		{Center 90.7145 -3.81379}
		{Extent 23.0572 24.4053}
		{Axis 1 0}
	}
	{Rotate}
	{Tags  "body"}
}
{Volume "body"
	{Box 87.7043 203.105 55.3922}
	{Bone "group001"}
	{Matrix34
		0.999898	0	-0.014321
		-5.58765e-005	0.999992	-0.00390107
		0.0143208	0.00390147	0.99989
		-29.5738	3.73515	-64.2386
	}
}
{Volume "body_vol2"
	{Box 162.33 88.4737 57.3155}
	{Bone "group001"}
	{Matrix34
		0.999897	0	-0.0143209
		-5.58756e-005	0.999993	-0.00390107
		0.0143208	0.00390147	0.99989
		8.85523	-54.8577	-63.5986
	}
}
{Volume "body_vol3"
	{Box 48.4162 45.6962 182.241}
	{Bone "group001"}
	{Matrix34
		0.999897	0	-0.0143209
		-5.58756e-005	0.999993	-0.00390107
		0.0143208	0.00390147	0.99989
		-53.8544	-80.8573	-0.129402
	}
}
