;Exported by: Alexey
;Date:        Sat Dec 04 17:28:40 2010
;File:        H:\VTV_models\Models_For_WiW\build\-fin_dots\dzot_5\dzot_5_x_v2.max
{Skeleton
	{bone "basis"
		{Orientation
			1	0	0
			0	-1	0
			0	0	1
		}
		{bone "wood"
			{parameters "Land;Ground;"}
			{Position -11.7536	-4.31004	-25.1841}
			{VolumeView "wood.ply" {Ground}}
		}
		{bone "lend"
			{parameters "Land;Ground;"}
			{Position -16.7717	0	-12.5265}
			{VolumeView "lend.ply" {Ground} {DecalTarget}}
		}
		{bone "body"
			{Position -12.952	0	2.75691}
			{VolumeView "body.ply"}
		}
		{bone "piece0"
			{Matrix34
				0.177911	0.981728	0.0675093
				-0.917869	0.190289	-0.34829
				-0.354773	0	0.934952
				24.8773	-10.364	35.8882
			}
			{VolumeView "piece0.ply"}
		}
		{bone "piece1"
			{Matrix34
				0.936004	-0.321434	0.143448
				0.351991	0.85475	-0.381452
				0	0.407533	0.91319
				28.5363	13.5597	41.8969
			}
			{VolumeView "piece1.ply"}
		}
		{bone "piece2"
			{Matrix34
				0.61566	0.768449	0.174498
				-0.628792	0.3456	0.696549
				0.474956	-0.538561	0.695967
				-6.86085	-4.71948	40.718
			}
			{VolumeView "piece2.ply"}
		}
		{bone "piece3"
			{Matrix34
				-0.131664	-0.937958	-0.32078
				0.356152	-0.346749	0.86771
				-0.925106	0	0.37971
				-0.0672512	10.981	29.0652
			}
			{VolumeView "piece3.ply"}
		}
		{bone "piece4"
			{Matrix34
				0.499528	-0.81081	-0.305056
				0.863298	0.43663	0.253123
				-0.0720385	-0.389796	0.918079
				-6.06251	-26.6123	40.696
			}
			{VolumeView "piece4.ply"}
		}
		{bone "piece5"
			{Matrix34
				0.360128	0.615273	-0.701247
				-0.932903	0.237514	-0.270702
				0	0.751683	0.659525
				-18.2472	20.293	33.8454
			}
			{VolumeView "piece5.ply"}
		}
	}
}
{Obstacle "body1"
	{Obb2
		{Center 0.680157 -32.9345}
		{Extent 40.561 7.23443}
		{Axis 1 0}
	}
	{Rotate}
}
{Obstacle "body2"
	{Obb2
		{Center -36.0211 0.0762787}
		{Extent 9.65438 26.3303}
		{Axis 1 0}
	}
	{Rotate}
}
{Obstacle "body3"
	{Obb2
		{Center 31.3886 -18.6107}
		{Extent 10.1344 7.73924}
		{Axis 1 0}
	}
	{Rotate}
}
{Obstacle "body4"
	{Obb2
		{Center 31.3886 18.9491}
		{Extent 10.1344 7.73924}
		{Axis 1 0}
	}
	{Rotate}
}
{Obstacle "body5"
	{Obb2
		{Center 54.353 14.7036}
		{Extent 14.0748 3.16396}
		{Axis 1 0}
	}
	{Rotate}
}
{Obstacle "body6"
	{Obb2
		{Center 54.353 -14.2618}
		{Extent 14.0722 3.16396}
		{Axis 1 0}
	}
	{Rotate}
}
{Obstacle "body"
	{Obb2
		{Center 1.41816 33.4171}
		{Extent 40.561 7.23443}
		{Axis 1 0}
	}
	{Rotate}
}
{Area "cut"
	{Polygon2
		{Radius 0}
		{Vertex -35.1136 -28.8983}
		{Vertex -30.718 -35.1254}
		{Vertex 32.9417 -35.1254}
		{Vertex 73.601 -17.3598}
		{Vertex 73.601 17.2555}
		{Vertex 33.4911 34.838}
		{Vertex -31.9275 34.838}
		{Vertex -35.9568 29.5266}
	}
	{Rotate}
}
{Volume "body1"
	{Box 81.122 14.4689 44.9606}
	{Bone "body"}
	{Position 13.6322	32.9345	-9.46115}
}
{Volume "body2"
	{Box 52.6607 19.3087 44.9606}
	{Bone "body"}
	{Matrix34
		0	1	0
		-1	0	0
		0	0	1
		-23.0691	-0.0762792	-9.46115
	}
}
{Volume "body3"
	{Box 20.2689 15.4785 44.9606}
	{Bone "body"}
	{Position 44.3406	18.6107	-9.46115}
}
{Volume "body4"
	{Box 20.2689 15.4785 44.9606}
	{Bone "body"}
	{Position 44.3406	-18.9491	-9.46115}
}
{Volume "body5"
	{Box 28.1496 6.32792 44.9606}
	{Bone "body"}
	{Position 67.305	-14.7036	-9.46115}
}
{Volume "body6"
	{Box 28.1444 6.32792 44.9606}
	{Bone "body"}
	{Position 67.305	14.2618	-9.45315}
}
{Volume "body"
	{Box 81.122 14.4689 44.9606}
	{Bone "body"}
	{Position 14.3702	-33.4171	-9.46115}
}
{Volume "piece0"
	{Cylinder 3.40204 27.4637}
	{Bone "piece0"}
	{Matrix34
		1	0	0
		0	0	1
		0	-1	0
		-0.0184337	-6.16466	0.112434
	}
}
{Volume "piece1"
	{Cylinder 3.40204 27.4637}
	{Bone "piece1"}
	{Matrix34
		1	0	0
		0	0	1
		0	-1	0
		0.100737	5.712	-0.263285
	}
}
{Volume "piece2"
	{Cylinder 3.40204 27.4637}
	{Bone "piece2"}
	{Matrix34
		1	0	0
		0	0	1
		0	-1	0
		-0.0184327	-6.16466	0.112436
	}
}
{Volume "piece3"
	{Cylinder 3.40204 27.4637}
	{Bone "piece3"}
	{Matrix34
		1	0	0
		0	0	1
		0	-1	0
		0.100736	5.71199	-0.263283
	}
}
{Volume "piece4"
	{Cylinder 3.40204 27.4637}
	{Bone "piece4"}
	{Matrix34
		1	0	0
		0	0	1
		0	-1	0
		-0.0184338	-6.16466	0.112431
	}
}
{Volume "piece5"
	{Cylinder 3.40204 27.4637}
	{Bone "piece5"}
	{Matrix34
		1	0	0
		0	0	1
		0	-1	0
		0.100737	5.712	-0.263279
	}
}
