;Exported by: Vnab
;Date:        Thu May 28 12:53:08 2015
;File:        C:\Users\Vnab\Desktop\Моддинг\BS Mid\Корабли\transport\transport.max
{Skeleton
	{bone "basis"
		{Orientation
			1	0	0
			0	-1	0
			0	0	1
		}
		{bone "group001"
			{Matrix34
				0.936672	-0.350207	0
				0.344193	0.920587	-0.184527
				0.0646228	0.172841	0.982827
				-1.82374	18.6309	44.9722
			}
			{VolumeView "group001.ply"}
		}
	}
}
{Obstacle "body"
	{Obb2
		{Center 0.927008 -21.5061}
		{Extent 25.0658 124.577}
		{Axis 1 0}
	}
	{Rotate}
	{Tags  "body"}
}
{Obstacle "body_vol2"
	{Obb2
		{Center 1.67904 -68.203}
		{Extent 17.2954 62.2669}
		{Axis 1 0}
	}
	{Rotate}
	{Tags  "body"}
}
{Obstacle "body_vol3"
	{Obb2
		{Center 1.0768 -26.2756}
		{Extent 1.24071 0.974837}
		{Axis 1 0}
	}
	{Rotate}
	{Tags  "body"}
}
{Volume "body"
	{Box 50.1316 249.154 27.5724}
	{Bone "group001"}
	{Matrix34
		0.936672	0.344193	0.0646231
		-0.350208	0.920587	0.172842
		0	-0.184527	0.982827
		1.56961	9.2183	-29.2829
	}
}
{Volume "body_vol2"
	{Box 34.5908 123.324 23.0606}
	{Bone "group001"}
	{Matrix34
		0.936672	0.344193	0.0646231
		-0.349509	0.930401	0.110442
		-0.0221121	-0.126034	0.991779
		-14.0796	49.3374	-4.50145
	}
}
{Volume "body_vol3"
	{Box 2.48139 1.94966 86.2264}
	{Bone "group001"}
	{Matrix34
		0.936672	0.344193	0.0646231
		-0.350208	0.920587	0.172842
		0	-0.184527	0.982827
		0.0396125	2.29178	32.1034
	}
}
