;Exported by: Vnab
;Date:        Thu Oct 09 13:11:01 2014
;File:        C:\Users\Vnab\Desktop\Моддинг\Модели нов\Company of heroes\Окружение\plug_civ_red_plow\plug_civ_red_plow.max
{Skeleton
	{bone "basis"
		{Orientation
			1	0	0
			0	-1	0
			0	0	1
		}
		{bone "group001"
			{Matrix34
				0.896922	0.339265	-0.283602
				-0.354954	0.169915	-0.919313
				-0.263702	0.925218	0.272824
				-3.86081	4.42333	10.8988
			}
			{VolumeView "group001.ply"}
		}
	}
}
{Obstacle "body"
	{Obb2
		{Center -7.92782 0.33111}
		{Extent 6.06753 3.17384}
		{Axis 1 0}
	}
	{Rotate}
	{Tags  "body"}
}
{Obstacle "body_vol2"
	{Obb2
		{Center 9.16025 -0.14713}
		{Extent 14.3008 0.515071}
		{Axis 1 0}
	}
	{Rotate}
	{Tags  "body"}
}
{Volume "body"
	{Box 1.14466 6.34766 22.477}
	{Bone "group001"}
	{Matrix34
		0.638422	-0.763949	-0.0938021
		0.339265	0.169915	0.925218
		-0.69088	-0.622504	0.367659
		-4.47041	3.19785	-4.08677
	}
}
{Volume "body_vol2"
	{Box 29.0647 1.03014 1.61879}
	{Bone "group001"}
	{Matrix34
		0.938795	-0.123574	-0.321549
		0.339265	0.169915	0.925218
		-0.059697	-0.97768	0.20144
		11.202	-2.19152	-8.32699
	}
}
