;Exported by: Vnab
;Date:        Fri Oct 03 14:03:00 2014
;File:        C:\Users\Vnab\Desktop\Моддинг\Модели нов\Company of heroes\Окружение\crane_port_01\crane_port_01.max
{Skeleton
	{bone "basis"
		{Orientation
			1	0	0
			0	-1	0
			0	0	1
		}
		{bone "group001"
			{Matrix34
				0.0134343	-0.999874	0.0085062
				0.99991	0.0134329	-0.000217907
				0.000103616	0.00850836	0.999964
				-52.1296	48.0728	133.587
			}
			{VolumeView "group001.ply"}
		}
	}
}
{Obstacle "body"
	{Obb2
		{Center -0.0914841 -0.441319}
		{Extent 47.027 45.4815}
		{Axis 1 0}
	}
	{Rotate}
	{Tags  "body"}
}
{Obstacle "body_vol2"
	{Obb2
		{Center 6.29425e-005 -0.441341}
		{Extent 39.2996 38.858}
		{Axis 1 0}
	}
	{Rotate}
	{Tags  "body"}
}
{Volume "body"
	{Box 94.054 90.9631 46.3647}
	{Bone "group001"}
	{Matrix34
		0.0134343	0.99991	0.000103474
		-0.999874	0.013433	0.00850835
		0.0085062	-0.000217764	0.999964
		47.3649	51.4182	-113.213
	}
}
{Volume "body_vol2"
	{Box 78.5992 77.716 22.9615}
	{Bone "group001"}
	{Matrix34
		0.0134343	0.99991	0.000103474
		-0.999874	0.013433	0.00850835
		0.0085062	-0.000217764	0.999964
		47.6549	51.5023	-79.2635
	}
}
{Volume "body_vol3"
	{Box 89.1968 51.2219 61.1982}
	{Bone "group001"}
	{Matrix34
		0.705911	0.708276	-0.0058505
		-0.708249	0.705936	0.00617856
		0.00850619	-0.000217909	0.999964
		64.6455	76.0586	-37.0882
	}
}
{Volume "body_vol4"
	{Box 162.939 23.4031 22.0784}
	{Bone "group001"}
	{Matrix34
		0.531761	0.539219	-0.653049
		-0.708249	0.705936	0.0061786
		0.464342	0.459236	0.757291
		-29.8834	-17.1005	67.8912
	}
}
{Volume "body_vol5"
	{Box 7.28405 24.3639 2.38616}
	{Bone "group001"}
	{Matrix34
		0.705911	0.708276	-0.00585053
		0.00850627	-0.000217943	0.999964
		0.708249	-0.705936	-0.00617864
		-96.2169	-83.2383	46.5366
	}
}
