;Exported by: Vnab
;Date:        Tue Nov 11 17:37:14 2014
;File:        C:\Users\Vnab\Desktop\Моддинг\Модели нов\Blazing Angels\Техника\Curtiss P-40E1_Kittyhawk\Curtiss P-40E1_Kittyhawk.max
{Skeleton
	{bone "basis"
		{Orientation
			1	0	0
			0	-1	0
			0	0	1
		}
		{bone "group001"
			{Matrix34
				0.971776	0.235847	-0.0051799
				-0.233308	0.957604	-0.169
				-0.034898	0.165439	0.985602
				-6.6694	16.1326	29.1999
			}
			{VolumeView "group001.ply"}
		}
	}
}
{Obstacle "body"
	{Obb2
		{Center -0.954146 -7.19899}
		{Extent 8.68603 67.6846}
		{Axis 1 0}
	}
	{Rotate}
	{Tags  "body"}
}
{Obstacle "body_vol2"
	{Obb2
		{Center 0.431763 8.5886}
		{Extent 96.0191 11.1447}
		{Axis 1 0}
	}
	{Rotate}
	{Tags  "body"}
}
{Obstacle "body_vol3"
	{Obb2
		{Center -0.939086 -15.5666}
		{Extent 5.83485 16.788}
		{Axis 1 0}
	}
	{Rotate}
	{Tags  "body"}
}
{Obstacle "body_vol4"
	{Obb2
		{Center -0.836715 34.2031}
		{Extent 26.6151 5.83486}
		{Axis 1 0}
	}
	{Rotate}
	{Tags  "body"}
}
{Obstacle "body_vol5"
	{Obb2
		{Center -0.995372 -91.4353}
		{Extent 30.3003 7.44164}
		{Axis 1 0}
	}
	{Rotate}
	{Tags  "body"}
}
{Obstacle "body_vol6"
	{Obb2
		{Center -1.07592 -96.3782}
		{Extent 0.452541 13.3543}
		{Axis 1 0}
	}
	{Rotate}
	{Tags  "body"}
}
{Obstacle "body_vol7"
	{Obb2
		{Center -0.886398 -72.6483}
		{Extent 0.754948 2.4184}
		{Axis 1 0}
	}
	{Rotate}
	{Tags  "body"}
}
{Volume "body"
	{Box 17.3721 136.081 15.0558}
	{Bone "group001"}
	{Matrix34
		0.971776	-0.233308	-0.0348976
		0.229228	0.96883	-0.0939309
		0.055725	0.0832804	0.994967
		3.43876	-10.1565	-0.113033
	}
}
{Volume "body_vol2"
	{Box 192.038 22.111 3.27571}
	{Bone "group001"}
	{Matrix34
		0.971776	-0.233308	-0.0348976
		0.231193	0.971308	-0.0557731
		0.046909	0.046131	0.997834
		1.05985	-25.6712	-2.34705
	}
}
{Volume "body_vol3"
	{Box 11.6697 32.7571 7.37034}
	{Bone "group001"}
	{Matrix34
		0.971776	-0.233308	-0.0348976
		0.231193	0.971308	-0.0557731
		0.046909	0.046131	0.997834
		5.3839	-3.54884	9.44495
	}
}
{Volume "body_vol4"
	{Box 53.2302 11.6697 13.717}
	{Bone "group001"}
	{Matrix34
		0.971776	-0.233308	-0.0348981
		0.235847	0.957604	0.165439
		-0.00517997	-0.169	0.985602
		-6.08774	-45.7868	-30.5508
	}
}
{Volume "body_vol5"
	{Box 60.6006 15.3549 0.818926}
	{Bone "group001"}
	{Matrix34
		0.971776	-0.233309	-0.0348978
		0.226365	0.963865	-0.140439
		0.0664022	0.128575	0.989474
		23.3486	73.2274	-1.97585
	}
}
{Volume "body_vol6"
	{Box 21.9028 24.256 0.905074}
	{Bone "group001"}
	{Matrix34
		-0.231193	-0.971308	0.0557728
		0.0469089	0.0461308	0.997834
		-0.971776	0.233308	0.0348977
		24.418	77.3886	2.29041
	}
}
{Volume "body_vol7"
	{Box 1.5099 4.83679 4.83679}
	{Bone "group001"}
	{Matrix34
		0.971776	-0.233308	-0.0348981
		0.235847	0.957604	0.165439
		-0.00517997	-0.169	0.985602
		19.0876	57.2966	-17.2478
	}
}
