;Exported by: Vnab
;Date:        Fri Nov 14 12:15:24 2014
;File:        C:\Users\Vnab\Desktop\Моддинг\Модели нов\Company of heroes\Здания\field_fortif_wickers_eng\field_fortif_wickers_eng.max
{Skeleton
	{bone "basis"
		{Orientation
			1	0	0
			0	-1	0
			0	0	1
		}
		{bone "group001"
			{Matrix34
				-0.280801	0.95976	0.00333215
				-0.461395	-0.131946	-0.877329
				-0.841585	-0.247892	0.479879
				-0.496354	8.43429	-17.0667
			}
			{VolumeView "group001.ply"}
		}
	}
}
{Obstacle "body"
	{Obb2
		{Center 31.517 29.4894}
		{Extent 15.9551 11.8512}
		{Axis 0.707388 0.706825}
	}
	{Rotate}
	{Tags  "body"}
}
{Obstacle "body_vol2"
	{Obb2
		{Center -29.8356 -35.1551}
		{Extent 16.4155 13.4059}
		{Axis 0.707388 0.706825}
	}
	{Rotate}
	{Tags  "body"}
}
{Obstacle "body_vol3"
	{Obb2
		{Center -32.2966 24.1878}
		{Extent 12.1457 17.7677}
		{Axis 0.707388 0.706825}
	}
	{Rotate}
	{Tags  "body"}
}
{Obstacle "body_vol4"
	{Obb2
		{Center 35.214 -28.9641}
		{Extent 16.5403 11.5246}
		{Axis 0.707388 0.706825}
	}
	{Rotate}
	{Tags  "body"}
}
{Obstacle "body_vol5"
	{Obb2
		{Center -39.419 -0.373339}
		{Extent 6.13204 23.7767}
		{Axis 0.994527 0.104476}
	}
	{Rotate}
	{Tags  "body"}
}
{Obstacle "body_vol6"
	{Obb2
		{Center 6.97356 -45.2661}
		{Extent 22.5876 6.27597}
		{Axis 1 0}
	}
	{Rotate}
	{Tags  "body"}
}
{Obstacle "body_vol8"
	{Obb2
		{Center 1.2728 35.7118}
		{Extent 26.0828 6.33149}
		{Axis 1 0}
	}
	{Rotate}
	{Tags  "body"}
}
{Volume "body"
	{Box 23.19 31.4286 57.6699}
	{Bone "group001"}
	{Matrix34
		0.48385	-0.412607	-0.77178
		0.875151	0.228763	0.426356
		0.000637439	-0.881716	0.47178
		-45.3191	-27.6536	-7.75737
	}
}
{Volume "body_vol2"
	{Box 26.3228 32.3641 53.7032}
	{Bone "group001"}
	{Matrix34
		0.48385	-0.412607	-0.77178
		0.875151	0.228763	0.426356
		0.000637439	-0.881716	0.47178
		33.9474	-6.6523	27.1822
	}
}
{Volume "body_vol3"
	{Box 35.0902 23.8003 52.1775}
	{Bone "group001"}
	{Matrix34
		0.48385	-0.412607	-0.77178
		0.875151	0.228763	0.426356
		0.000637439	-0.881716	0.47178
		-22.3191	2.96191	43.6092
	}
}
{Volume "body_vol4"
	{Box 22.5798 32.6491 50.6519}
	{Bone "group001"}
	{Matrix34
		0.48385	-0.412607	-0.77178
		0.875151	0.228763	0.426356
		0.000637439	-0.881716	0.47178
		9.73233	-33.9625	-27.0597
	}
}
{Volume "body_vol5"
	{Box 47.4674 11.6511 47.8989}
	{Bone "group001"}
	{Matrix34
		-0.926414	0.177108	0.332251
		-0.376508	-0.437276	-0.81672
		0.000637654	-0.881716	0.471781
		3.24687	4.82437	42.521
	}
}
{Volume "body_vol6"
	{Box 44.7018 12.5104 48.3304}
	{Bone "group001"}
	{Matrix34
		0.281712	0.452831	0.845921
		-0.959499	0.132367	0.248678
		0.000637224	-0.881716	0.47178
		33.3053	-22.303	-7.76106
	}
}
{Volume "body_vol7"
	{Box 35.3953 7.32316 36.6158}
	{Bone "group001"}
	{Matrix34
		0.959953	-0.131635	-0.247311
		0.280161	0.453045	0.846322
		0.000637303	-0.881716	0.47178
		-25.1957	-25.3718	-25.8325
	}
}
{Volume "body_vol8"
	{Box 51.7198 12.663 46.6852}
	{Bone "group001"}
	{Matrix34
		-0.28082	-0.452954	-0.846152
		0.95976	-0.131946	-0.247892
		0.000637197	-0.881716	0.47178
		-42.8159	-8.31408	16.7418
	}
}
{Volume "body_vol9"
	{Box 54.9237 59.5007 4.27184}
	{Bone "group001"}
	{Matrix34
		-0.280801	-0.461395	-0.841585
		0.95976	-0.131946	-0.247892
		0.0033325	-0.877328	0.479879
		-7.63416	-46.279	24.7916
	}
}
