;Exported by: Vnab
;Date:        Mon Oct 13 16:10:24 2014
;File:        C:\Users\Vnab\Desktop\Моддинг\Модели нов\Company of heroes\Объекты\boxes_shells9_us_wood\boxes_shells9_us_wood.max
{Skeleton
	{bone "basis"
		{Orientation
			1	0	0
			0	-1	0
			0	0	1
		}
		{bone "group001"
			{Matrix34
				0.984003	0.178144	0.00141336
				-0.0286743	0.166207	-0.985674
				-0.175827	0.969866	0.168656
				-5.67233	-0.808715	6.97013
			}
			{VolumeView "group001.ply"}
		}
	}
}
{Obstacle "body"
	{Obb2
		{Center 17.4908 4.21095}
		{Extent 10.812 4.35628}
		{Axis 1 0}
	}
	{Rotate}
	{Tags  "body"}
}
{Obstacle "body_vol2"
	{Obb2
		{Center -24.4332 -5.81268}
		{Extent 4.38297 10.9126}
		{Axis 0.0879049 0.996129}
	}
	{Rotate}
	{Tags  "body"}
}
{Obstacle "body_vol3"
	{Obb2
		{Center -25.4451 5.40224}
		{Extent 4.06612 11.1883}
		{Axis 0.0356776 0.999363}
	}
	{Rotate}
	{Tags  "body"}
}
{Obstacle "body_vol4"
	{Obb2
		{Center -3.35815 -0.690342}
		{Extent 10.9694 8.87}
		{Axis 1 0}
	}
	{Rotate}
	{Tags  "body"}
}
{Obstacle "body_vol5"
	{Obb2
		{Center -5.83072 3.17849}
		{Extent 10.931 3.61224}
		{Axis 0.990278 0.139103}
	}
	{Rotate}
	{Tags  "body"}
}
{Volume "body"
	{Box 21.6239 8.71255 5.03858}
	{Bone "group001"}
	{Matrix34
		0.984004	-0.0286744	-0.175827
		0.178144	0.166207	0.969866
		0.00141321	-0.985674	0.168656
		22.1803	3.12179	-8.11698
	}
}
{Volume "body_vol2"
	{Box 21.8222 8.75859 4.89887}
	{Bone "group001"}
	{Matrix34
		0.995885	-0.0138962	-0.0895601
		0.0906208	0.168089	0.981598
		0.00141352	-0.985674	0.168656
		-17.2876	6.05877	8.96419
	}
}
{Volume "body_vol3"
	{Box 22.3587 8.08273 9.86722}
	{Bone "group001"}
	{Matrix34
		0.990047	-0.0223559	-0.138951
		0.140731	0.167174	0.975832
		0.00141334	-0.985674	0.168656
		-20.2776	1.77519	-1.31589
	}
}
{Volume "body_vol4"
	{Box 21.9388 17.74 9.86722}
	{Bone "group001"}
	{Matrix34
		0.984004	-0.0286744	-0.175827
		0.178144	0.166207	0.969866
		0.00141321	-0.985674	0.168656
		2.54138	2.15451	0.709616
	}
}
{Volume "body_vol5"
	{Box 21.8339 7.13799 4.82864}
	{Bone "group001"}
	{Matrix34
		0.948408	-0.0521514	-0.312736
		0.317052	0.160397	0.934747
		0.00141358	-0.985674	0.168656
		-0.570161	-5.86476	-1.33363
	}
}
