;Exported by: Vnab
;Date:        Thu Mar 26 12:11:40 2015
;File:        C:\Users\Vnab\Desktop\Моддинг\Выбр\Здания\Фабрика\factory_oven_01\factory_oven_01.max
{Skeleton
	{bone "basis"
		{Orientation
			1	0	0
			0	-1	0
			0	0	1
		}
		{bone "object_1"
			{Matrix34
				1	0	0
				0	0	-1
				0	1	0
				-58.9046	19.6806	19.4384
			}
			{VolumeView "object_1.ply"}
		}
	}
}
{Obstacle "body"
	{Obb2
		{Center -13.1108 0.536125}
		{Extent 111.193 81.7101}
		{Axis 1 0}
	}
	{Rotate}
	{Tags  "body"}
}
{Obstacle "body_vol10"
	{Obb2
		{Center 113.452 24.7829}
		{Extent 16.0825 43.4822}
		{Axis 1 0}
	}
	{Rotate}
	{Tags  "body"}
}
{Obstacle "body_vol2"
	{Obb2
		{Center 184.297 -43.9474}
		{Extent 87.6067 17.4792}
		{Axis 1 0}
	}
	{Rotate}
	{Tags  "body"}
}
{Obstacle "body_vol3"
	{Obb2
		{Center -142.433 1.59177}
		{Extent 18.7629 55.9908}
		{Axis 1 0}
	}
	{Rotate}
	{Tags  "body"}
}
{Obstacle "body_vol5"
	{Obb2
		{Center -139.313 -278.302}
		{Extent 74.2504 74.2504}
		{Axis 0.122598 0.992456}
	}
	{Rotate}
	{Tags  "body"}
}
{Obstacle "body_vol9"
	{Obb2
		{Center -13.3781 97.8119}
		{Extent 43.8034 16.4263}
		{Axis 1 0}
	}
	{Rotate}
	{Tags  "body"}
}
{Volume "body"
	{Box 222.386 163.42 108.666}
	{Bone "object_1"}
	{Matrix34
		1	0	0
		0	0	1
		0	-1	0
		45.7938	-31.5354	-20.2167
	}
}
{Volume "body_vol10"
	{Box 32.1649 86.9645 21.4433}
	{Bone "object_1"}
	{Matrix34
		1	0	0
		0	0	1
		0	-1	0
		172.357	12.076	-44.4634
	}
}
{Volume "body_vol2"
	{Box 175.213 34.9585 32.0101}
	{Bone "object_1"}
	{Matrix34
		1	0	0
		0	0	1
		0	-1	0
		243.202	6.79248	24.2668
	}
}
{Volume "body_vol3"
	{Box 37.5258 111.982 70.2864}
	{Bone "object_1"}
	{Matrix34
		1	0	0
		0	0	1
		0	-1	0
		-83.5286	-12.3456	-21.2723
	}
}
{Volume "body_vol4"
	{Box 20.2169 181.11 15.1627}
	{Bone "object_1"}
	{Matrix34
		1	0	0
		0	-0.215032	0.976607
		0	-0.976607	-0.215032
		-82.851	-37.5809	123.417
	}
}
{Volume "body_vol5"
	{Polyhedron "body_vol5.vol"}
	{Bone "object_1"}
	{Matrix34
		1	0	0
		0	0	1
		0	-1	0
		-80.4088	22.7979	258.621
	}
}
{Volume "body_vol6"
	{Box 107.192 1.05297 1.68474}
	{Bone "object_1"}
	{Matrix34
		1	0	0
		0	0	1
		0	-1	0
		247.538	-15.8302	109.917
	}
}
{Volume "body_vol7"
	{Box 1.48912 67.0103 2.68041}
	{Bone "object_1"}
	{Matrix34
		1	0	0
		0	-0.065799	0.997833
		0	-0.997833	-0.065799
		195.059	-14.6778	75.8717
	}
}
{Volume "body_vol8"
	{Box 1.19131 74.7537 2.08477}
	{Bone "object_1"}
	{Matrix34
		1	0	0
		0	-0.0640523	0.997947
		0	-0.997947	-0.0640523
		300.936	-13.4325	73.5107
	}
}
{Volume "body_vol9"
	{Box 87.6067 32.8525 21.4805}
	{Bone "object_1"}
	{Matrix34
		1	0	0
		0	0	1
		0	-1	0
		45.5265	12.0571	-117.492
	}
}
