;Exported by: Vnab
;Date:        Tue Oct 21 11:37:34 2014
;File:        C:\Users\Vnab\Desktop\Моддинг\МОДЕЛИ Готовые\Конвертированные\town_ru\bus_stop2_ru\bus_stop2_ru.max
{Skeleton
	{bone "basis"
		{Orientation
			1	0	0
			0	-1	0
			0	0	1
		}
		{bone "group001"
			{Matrix34
				0.99954	0.0298564	-0.00529363
				-0.029478	0.997699	0.0610574
				0.00710446	-0.0608732	0.99812
				-0.0471199	-0.408766	23.9673
			}
			{VolumeView "group001.ply"}
		}
	}
}
{Obstacle "body"
	{Obb2
		{Center -36.1282 -2.10633}
		{Extent 1.24528 14.264}
		{Axis 1 0}
	}
	{Rotate}
	{Tags  "body"}
}
{Obstacle "body_vol2"
	{Obb2
		{Center 36.3863 -1.76671}
		{Extent 1.13207 14.3772}
		{Axis 1 0}
	}
	{Rotate}
	{Tags  "body"}
}
{Obstacle "body_vol4"
	{Obb2
		{Center 0.202295 -7.03062}
		{Extent 28.8857 5.22694}
		{Axis 1 0}
	}
	{Rotate}
	{Tags  "body"}
}
{Volume "body"
	{Box 2.49055 28.5281 41.6255}
	{Bone "group001"}
	{Matrix34
		0.99954	-0.0294778	0.00710448
		0.0298562	0.997699	-0.0608734
		-0.00529347	0.0610575	0.99812
		-35.973	3.38367	-3.50293
	}
}
{Volume "body_vol2"
	{Box 2.26413 28.7545 41.66}
	{Bone "group001"}
	{Matrix34
		0.99954	-0.0294778	0.00710448
		0.0298562	0.997699	-0.0608734
		-0.00529347	0.0610575	0.99812
		36.4979	0.908301	-2.94988
	}
}
{Volume "body_vol3"
	{Box 78.8625 42.9159 2.20081}
	{Bone "group001"}
	{Matrix34
		0.99954	-0.0294778	0.00710448
		0.0298562	0.997699	-0.0608734
		-0.00529347	0.0610575	0.99812
		0.208059	-0.381157	22.1268
	}
}
{Volume "body_vol4"
	{Box 57.7714 10.4539 1.10041}
	{Bone "group001"}
	{Matrix34
		0.99954	-0.0294778	0.00710448
		0.0298562	0.997699	-0.0608734
		-0.00529347	0.0610575	0.99812
		0.546701	6.5465	-14.6472
	}
}
