;Exported by: Vnab
;Date:        Fri Nov 21 12:36:39 2014
;File:        C:\Users\Vnab\Desktop\Моддинг\МОДЕЛИ Готовые\Здания\Европа\firestation_01\firestation_01.max
{Skeleton
	{bone "dummy001"
		{Orientation
			1	0	0
			0	-1	0
			0	0	1
		}
		{bone "group001"
			{Matrix34
				0.999391	0.0348995	0
				-0.0147492	0.422361	-0.906308
				-0.0316297	0.905756	0.422618
				-0.390657	2.72804	59.7903
			}
			{VolumeView "group001.ply"}
		}
	}
}
{Obstacle "body"
	{Obb2
		{Center 0.221764 -0.060524}
		{Extent 138.005 110.516}
		{Axis 1 0}
	}
	{Rotate}
	{Tags  "body"}
}
{Obstacle "body_vol2"
	{Obb2
		{Center -30.0976 -116.194}
		{Extent 9.81742 5.53983}
		{Axis 1 0}
	}
	{Rotate}
	{Tags  "body"}
}
{Volume "body"
	{Box 276.01 221.032 102.101}
	{Bone "group001"}
	{Matrix34
		0.999391	-0.0147492	-0.0316297
		0.0348995	0.422361	0.905756
		0	-0.906308	0.422618
		0.518956	8.71749	-7.03009
	}
}
{Volume "body_vol2"
	{Box 19.6348 11.0797 46.5626}
	{Bone "group001"}
	{Matrix34
		0.999391	-0.0147492	-0.0316297
		0.0348995	0.422361	0.905756
		0	-0.906308	0.422618
		-25.729	83.382	87.3813
	}
}
