;Exported by: Vorabat
;Date:        Wed Apr 28 17:26:13 2010
;File:        C:\Users\Vorabat\Documents\3dsmax\scenes\postroyka.max
{Skeleton
	{bone "body"
		{Orientation
			1	0	0
			0	-1	0
			0	0	1
		}
		{VolumeView "body.ply"}
		{bone "box38"
			{Matrix34
				0.996195	0	-0.0871557
				0	1	0
				0.0871557	0	0.996195
				35.6105	-43.7478	65.1304
			}
		}
		{bone "box39"
			{Matrix34
				-0.996195	0	-0.0871557
				0	-1	0
				-0.0871557	0	0.996195
				-36.0272	-162.631	65.1304
			}
		}
		{bone "box40"
			{Matrix34
				-0.996195	0	-0.0871558
				0	-1	0
				-0.0871558	0	0.996195
				-36.0272	-95.3547	65.1304
			}
		}
		{bone "box41"
			{Matrix34
				-0.996195	0	-0.0871557
				0	-1	0
				-0.0871557	0	0.996195
				-36.0272	-26.8011	65.1304
			}
		}
		{bone "box42"
			{Matrix34
				-0.996195	0	-0.0871557
				0	-1	0
				-0.0871557	0	0.996195
				-35.3803	145.797	65.1304
			}
		}
		{bone "box43"
			{Matrix34
				0.996195	0	-0.0871557
				0	1	0
				0.0871557	0	0.996195
				37.3751	92.8331	65.1304
			}
		}
		{bone "box44"
			{Matrix34
				0.996195	0	-0.0871557
				0	1	0
				0.0871557	0	0.996195
				36.5463	24.3402	65.1304
			}
		}
		{bone "box48"
			{Matrix34
				0.996195	0	-0.0871557
				0	1	0
				0.0871557	0	0.996195
				21.353	50.0901	67.1635
			}
		}
		{bone "box49"
			{Matrix34
				-0.996195	0	-0.0871557
				0	-1	0
				-0.0871557	0	0.996195
				-18.9919	104.521	67.1635
			}
		}
		{bone "box50"
			{Matrix34
				-0.996195	0	-0.0871557
				0	-1	0
				-0.0871557	0	0.996195
				-22.9669	-71.5328	67.1635
			}
		}
	}
}
{Obstacle "box01"
	{Obb2
		{Center -67.6404 2.4511}
		{Extent 6.14099 200.196}
		{Axis 1 0}
	}
	{Rotate}
	{Tags  "body"}
}
{Obstacle "box02"
	{Obb2
		{Center 66.3311 2.4511}
		{Extent 6.141 200.196}
		{Axis 1 0}
	}
	{Rotate}
	{Tags  "body"}
}
{Obstacle "box03"
	{Obb2
		{Center -41.2073 -201.051}
		{Extent 32.7008 4.9128}
		{Axis 1 0}
	}
	{Rotate}
	{Tags  "body"}
}
{Obstacle "box04"
	{Obb2
		{Center 46.1277 -200.98}
		{Extent 32.7008 4.9128}
		{Axis 1 0}
	}
	{Rotate}
	{Tags  "body"}
}
{Obstacle "box07"
	{Obb2
		{Center -44.6032 200.991}
		{Extent 32.7008 4.9128}
		{Axis 1 0}
	}
	{Rotate}
	{Tags  "body"}
}
{Obstacle "box08"
	{Obb2
		{Center 42.7317 201.062}
		{Extent 32.7008 4.9128}
		{Axis 1 0}
	}
	{Rotate}
	{Tags  "body"}
}
{Volume "box01"
	{Box 12.282 400.393 15.9666}
	{Bone "body"}
	{Position -67.6404	-2.45109	7.9833}
}
{Volume "box02"
	{Box 12.282 400.393 15.9666}
	{Bone "body"}
	{Position 66.3311	-2.45109	7.9833}
}
{Volume "box03"
	{Box 65.4016 9.82559 46.9786}
	{Bone "body"}
	{Position -41.2073	201.051	23.4893}
}
{Volume "box04"
	{Box 65.4016 9.82559 46.9786}
	{Bone "body"}
	{Position 46.1277	200.98	23.4893}
}
{Volume "box05"
	{Box 150.761 10.1326 24.2569}
	{Bone "body"}
	{Position 1.47255	200.575	59.5795}
}
{Volume "box06"
	{Box 150.761 10.1326 24.2569}
	{Bone "body"}
	{Position -1.92337	-201.468	59.5795}
}
{Volume "box07"
	{Box 65.4016 9.82559 46.9786}
	{Bone "body"}
	{Position -44.6032	-200.991	23.4893}
}
{Volume "box08"
	{Box 65.4016 9.82559 46.9786}
	{Bone "body"}
	{Position 42.7317	-201.062	23.4893}
}
{Volume "box09"
	{Box 3.9081 3.47388 62.5297}
	{Bone "body"}
	{Position -66.0248	194.218	31.2648}
}
{Volume "box10"
	{Box 3.9081 3.47388 62.5297}
	{Bone "body"}
	{Position -66.0909	151.236	31.2648}
}
{Volume "box11"
	{Box 3.9081 3.47388 62.5297}
	{Bone "body"}
	{Position -66.6235	95.8094	31.2648}
}
{Volume "box12"
	{Box 3.9081 3.47388 62.5297}
	{Bone "body"}
	{Position -66.793	48.0636	31.2648}
}
{Volume "box13"
	{Box 3.9081 3.47388 62.5297}
	{Bone "body"}
	{Position -67.2472	6.24944	31.2648}
}
{Volume "box14"
	{Box 3.9081 3.47388 62.5297}
	{Bone "body"}
	{Position -67.1272	-5.1412	31.2648}
}
{Volume "box15"
	{Box 3.9081 3.47388 62.5297}
	{Bone "body"}
	{Position -67.5447	-48.8067	31.2648}
}
{Volume "box16"
	{Box 3.9081 3.47388 62.5297}
	{Bone "body"}
	{Position -68.1551	-103.988	31.2648}
}
{Volume "box17"
	{Box 3.9081 3.47388 62.5297}
	{Bone "body"}
	{Position -68.4507	-151.357	31.2648}
}
{Volume "box18"
	{Box 3.9081 3.47388 62.5297}
	{Bone "body"}
	{Position -68.6653	-193.502	31.2648}
}
{Volume "box19"
	{Box 3.9081 3.47388 62.5297}
	{Bone "body"}
	{Position 69.2754	194.218	31.2648}
}
{Volume "box20"
	{Box 3.9081 3.47388 62.5297}
	{Bone "body"}
	{Position 69.2092	151.236	31.2648}
}
{Volume "box21"
	{Box 3.9081 3.47388 62.5297}
	{Bone "body"}
	{Position 68.6767	95.8094	31.2648}
}
{Volume "box22"
	{Box 3.9081 3.47388 62.5297}
	{Bone "body"}
	{Position 68.5071	48.0636	31.2648}
}
{Volume "box23"
	{Box 3.9081 3.47388 62.5297}
	{Bone "body"}
	{Position 68.053	6.24944	31.2648}
}
{Volume "box24"
	{Box 3.9081 3.47388 62.5297}
	{Bone "body"}
	{Position 68.1729	-5.1412	31.2648}
}
{Volume "box25"
	{Box 3.9081 3.47388 62.5297}
	{Bone "body"}
	{Position 67.7554	-48.8067	31.2648}
}
{Volume "box26"
	{Box 3.9081 3.47388 62.5297}
	{Bone "body"}
	{Position 67.1451	-103.988	31.2648}
}
{Volume "box27"
	{Box 3.9081 3.47388 62.5297}
	{Bone "body"}
	{Position 66.8494	-151.357	31.2648}
}
{Volume "box28"
	{Box 3.9081 3.47388 62.5297}
	{Bone "body"}
	{Position 66.6348	-193.502	31.2648}
}
{Volume "box29"
	{Box 6.141 406.534 4.9128}
	{Bone "body"}
	{Position -70.8034	-4.50054	61.285}
}
{Volume "box30"
	{Box 6.141 406.534 4.9128}
	{Bone "body"}
	{Position 70.8235	-4.50054	61.285}
}
{Volume "box31"
	{Box 6.141 406.534 4.9128}
	{Bone "body"}
	{Matrix34
		0.434952	0	0
		0	1	0
		0	0	0.285242
		46.4148	-4.50054	63.277
	}
}
{Volume "box32"
	{Box 6.141 406.534 4.9128}
	{Bone "body"}
	{Matrix34
		0.434952	0	0
		0	1	0
		0	0	0.285242
		-45.8679	-4.50054	63.277
	}
}
{Volume "box33"
	{Box 6.141 406.534 4.9128}
	{Bone "body"}
	{Matrix34
		0.434952	0	0
		0	1	0
		0	0	0.285242
		-21.4101	-4.50054	65.6828
	}
}
{Volume "box34"
	{Box 6.141 406.534 4.9128}
	{Bone "body"}
	{Matrix34
		0.434952	0	0
		0	1	0
		0	0	0.285242
		22.1117	-4.50054	65.6828
	}
}
{Volume "box35"
	{Box 6.141 406.534 4.9128}
	{Bone "body"}
	{Matrix34
		0.434952	0	0
		0	1	0
		0	0	0.285242
		-0.0579853	-4.50054	68.9449
	}
}
{Volume "box36"
	{Box 6.141 406.534 4.9128}
	{Bone "body"}
	{Matrix34
		0.434952	0	0
		0	1	0
		0	0	0.285242
		66.9275	-4.50054	37.1017
	}
}
{Volume "box37"
	{Box 6.141 406.534 4.9128}
	{Bone "body"}
	{Matrix34
		0.434952	0	0
		0	1	0
		0	0	0.285242
		-68.0741	-4.50054	37.1017
	}
}
{Volume "box45"
	{Box 25.1781 182.388 3.68459}
	{Bone "body"}
	{Matrix34
		0.837135	0	-0.0871557
		0	1	0
		0.0732398	0	0.996195
		10.1638	19.1603	67.9502
	}
}
{Volume "box46"
	{Box 25.1781 182.388 3.68459}
	{Bone "body"}
	{Matrix34
		-0.713492	0	-0.0871557
		0	-1	0
		-0.0624225	0	0.996195
		-9.77962	-105.299	67.9502
	}
}
{Volume "box47"
	{Box 25.1781 182.388 3.68459}
	{Bone "body"}
	{Matrix34
		-0.686016	0	-0.0647075
		0	-0.317965	0
		-0.0271201	0	0.99762
		-7.85381	125.421	67.9528
	}
}
