;Exported by: Vnab
;Date:        Wed Oct 08 16:23:32 2014
;File:        C:\Users\Vnab\Desktop\Моддинг\Модели нов\Panzer Elite Action - Дюны в огне\Здания\hangar_cargo_2box_steel\hangar_cargo_2box_steel.max
{Skeleton
	{bone "basis"
		{Orientation
			1	0	0
			0	-1	0
			0	0	1
		}
		{bone "group001"
			{Matrix34
				0.999911	0.013327	0
				-0.0133121	0.998789	-0.0473684
				-0.00063128	0.0473642	0.998877
				2.99344	1.47425	83.2034
			}
			{VolumeView "group001.ply"}
		}
	}
}
{Obstacle "body"
	{Obb2
		{Center 4.22983 0.427536}
		{Extent 51.4314 160.549}
		{Axis 1 0}
	}
	{Rotate}
	{Tags  "body"}
}
{Obstacle "body_vol2"
	{Obb2
		{Center -142.753 -0.478546}
		{Extent 11.8153 158.812}
		{Axis 1 0}
	}
	{Rotate}
	{Tags  "body"}
}
{Obstacle "body_vol3"
	{Obb2
		{Center 146.928 -1.92822}
		{Extent 11.8153 158.464}
		{Axis 1 0}
	}
	{Rotate}
	{Tags  "body"}
}
{Volume "body"
	{Box 102.863 321.099 166.111}
	{Bone "group001"}
	{Matrix34
		0.999911	-0.0133119	-0.00063128
		0.0133269	0.998789	0.0473642
		0	-0.0473684	0.998878
		1.21094	-1.82569	-1.9937
	}
}
{Volume "body_vol2"
	{Box 23.6306 317.623 134.658}
	{Bone "group001"}
	{Matrix34
		0.999911	-0.0133119	-0.00063128
		0.0133269	0.998789	0.0473642
		0	-0.0473684	0.998878
		-145.746	1.78087	-17.5668
	}
}
{Volume "body_vol3"
	{Box 23.6306 316.928 137.607}
	{Bone "group001"}
	{Matrix34
		0.999911	-0.0133119	-0.00063128
		0.0133269	0.998789	0.0473642
		0	-0.0473684	0.998878
		143.927	-0.697296	-16.2083
	}
}
{Volume "body_vol4"
	{Box 261.453 312.564 31.4529}
	{Bone "group001"}
	{Matrix34
		0.999911	-0.0133119	-0.00063128
		0.0133269	0.998789	0.0473642
		0	-0.0473684	0.998878
		-4.02573	-2.13858	45.6731
	}
}
