;Exported by: user
;Date:        Fri Aug 08 15:19:39 2014
;File:        C:\Users\user\Desktop\Моддинг\МОДЕЛИ\Готовые\Конвертированные\entourage\0ent_vehicle\Air\Wildcat f4f_palubn\Wildcat f4f_paluba.max
{Skeleton
	{bone "basis"
		{Orientation
			1	0	0
			0	-1	0
			0	0	1
		}
		{bone "group001"
			{Matrix34
				0.417307	-0.908765	-0.000332401
				0.894918	0.411011	-0.173758
				0.158042	0.0722129	0.984788
				5.59286	16.3143	22.1887
			}
			{VolumeView "group001.ply"}
		}
	}
}
{Obstacle "body"
	{Obb2
		{Center -0.0956297 -4.62959}
		{Extent 13.2076 64.8195}
		{Axis 1 0}
	}
	{Rotate}
	{Tags  "body"}
}
{Obstacle "body_vol2"
	{Obb2
		{Center 0.588714 35.1534}
		{Extent 22.9245 5.33129}
		{Axis 1 0}
	}
	{Rotate}
	{Tags  "body"}
}
{Obstacle "body_vol3"
	{Obb2
		{Center -0.708704 -80.6704}
		{Extent 1.33417 12.2743}
		{Axis 1 0}
	}
	{Rotate}
	{Tags  "body"}
}
{Obstacle "body_vol4"
	{Obb2
		{Center -32.0787 -18.2319}
		{Extent 4.15934 36.0771}
		{Axis 0.996199 0.0871117}
	}
	{Rotate}
	{Tags  "body"}
}
{Obstacle "body_vol5"
	{Obb2
		{Center 32.0515 -20.099}
		{Extent 38.4557 4.15111}
		{Axis 0.105267 0.994444}
	}
	{Rotate}
	{Tags  "body"}
}
{Volume "body"
	{Box 26.4151 126.792 29.434}
	{Bone "group001"}
	{Matrix34
		0.417307	0.894917	0.158042
		-0.900049	0.431035	-0.064189
		-0.125565	-0.115459	0.985344
		8.24413	-10.2343	0.190173
	}
}
{Volume "body_vol2"
	{Box 45.8491 10.566 11.3208}
	{Bone "group001"}
	{Matrix34
		0.417307	0.894917	0.158042
		-0.908735	0.409509	0.0806406
		0.00744721	-0.17727	0.984134
		44.6892	-22.7774	-20.6865
	}
}
{Volume "body_vol3"
	{Box 2.66833 24.5486 29.3516}
	{Bone "group001"}
	{Matrix34
		0.417307	0.894917	0.158042
		-0.908765	0.411011	0.0722129
		-0.000332259	-0.173758	0.984788
		-61.1148	20.5222	5.29208
	}
}
{Volume "body_vol4"
	{Box 2.64151 71.6981 32.0199}
	{Bone "group001"}
	{Matrix34
		0.483379	0.875373	-0.0082042
		-0.872858	0.482663	0.0717866
		0.0667998	-0.027539	0.997386
		-17.4646	-33.6485	-1.71313
	}
}
{Volume "body_vol5"
	{Box 2.13466 76.3141 32.5536}
	{Bone "group001"}
	{Matrix34
		0.317465	0.887257	0.334651
		-0.94539	0.323619	0.0388308
		-0.0738469	-0.328703	0.941541
		7.6005	24.4999	8.615
	}
}
