;Exported by: trax
;Date:        Mon Oct 07 23:02:08 2013
;File:        C:\Users\trax\Documents\3dsmax\scenes\Hungarian Tanks\Botond\botond_xx.max
{Skeleton
	{bone "basis"
		{Orientation
			1	0	0
			0	-1	0
			0	0	1
		}
		{bone "body"
			{parameters "ID=body;"}
			{Position -2.50329	0.361055	11.1216}
			{VolumeView "body.ply"}
			{bone revolute "part4"
				{parameters "ID=part4;"}
				{Matrix34
					1	0	0
					0	0	-1
					0	1	0
					-16.906	17.1481	-6.33788
				}
				{VolumeView "part4.ply"}
			}
			{bone "part3"
				{parameters "ID=part3;"}
				{Matrix34
					0.816613	0.0379102	0.575939
					0.00430793	0.997413	-0.0717612
					-0.57717	0.0610822	0.814337
					32.4658	-0.36099	17.506
				}
				{VolumeView "part3.ply"}
			}
			{bone "part2"
				{parameters "ID=part2;"}
				{Matrix34
					1	0	0
					0	1	0
					0	0	1
					10.4488	-17.9119	0.186849
				}
				{VolumeView "part2.ply"}
			}
			{bone "part1"
				{parameters "ID=part1;"}
				{Matrix34
					1	0	0
					0	1	0
					0	0	1
					10.4487	17.148	0.186775
				}
				{VolumeView "part1.ply"}
			}
			{bone revolute "whee2"
				{Matrix34
					1	0	0
					0	-0.295356	-0.955387
					0	0.955387	-0.295356
					-16.9059	-17.9119	-6.46735
				}
				{VolumeView "whee2.ply"}
			}
			{bone revolute "wheee3"
				{Matrix34
					1	0	0
					0	0.268389	-0.963311
					0	0.963311	0.268389
					-39.0062	17.1481	-6.33788
				}
				{VolumeView "wheee3.ply"}
			}
			{bone revolute "whee1"
				{Matrix34
					-0.052714	0.98811	0.144429
					-0.99861	-0.0521598	-0.00762429
					0	-0.14463	0.989486
					37.6637	-17.9119	-9.17702
				}
				{VolumeView "whee1.ply"}
			}
			{bone revolute "wheee1"
				{Matrix34
					1	0	0
					0	0.334799	-0.94229
					0	0.942289	0.334799
					37.6636	17.0158	-6.35385
				}
				{VolumeView "wheee1.ply"}
			}
			{bone "part5"
				{parameters "ID=part5;"}
				{Position -25.6135	-1.55199	12.3658}
				{VolumeView "part5.ply"}
			}
		}
	}
}
{Volume "body1"
	{Polyhedron "body1.vol"}
	{Bone "body"}
	{Position 21.1242	-0.353829	7.74285}
}
{Volume "body"
	{Box 107.419 12.0142 16.8974}
	{Bone "body"}
	{Matrix34
		1	0	0
		0	0	1
		0	-1	0
		0.868175	-0.358598	-5.19565
	}
}
{Volume "part1"
	{Cylinder 8.12906 4.77349}
	{Bone "part1"}
	{Matrix34
		1	0	0
		0	0	1
		0	-1	0
		0.209618	-0.211693	-0.117895
	}
}
{Volume "part2"
	{Cylinder 8.12906 4.77349}
	{Bone "part2"}
	{Matrix34
		-0.052712	0	-0.99861
		0.998609	0	-0.052712
		0	-1	0
		0.0881277	0.263757	0.0400925
	}
}
{Volume "part3"
	{Box 24.6379 11.087 0.739136}
	{Bone "part3"}
	{Matrix34
		0.000508735	0.999967	0.00818431
		-0.272238	-0.00773671	0.962199
		0.96223	-0.00271781	0.272225
		-1.38878	-0.2242	6.05451
	}
}
{Volume "part4"
	{Cylinder 6.17809 4.77349}
	{Bone "part4"}
	{Matrix34
		1	0	0
		0	-1	0
		0	0	-1
		0.000118238	8.32186e-005	-0.162288
	}
}
{Volume "part5"
	{Box 60.6272 39.1986 17.77}
	{Bone "part5"}
	{Matrix34
		1	0	0
		0	0.998903	0.0468172
		0	-0.0468172	0.998903
		2.6792	1.10644	-2.49139
	}
}
